#N Time vx wz 
1 10000 0 0
2 10000 0 0
3 10000 0 0
4 10000 0 0
5 20000 0 0
6 20000 0 0
7 20000 0 0
8 20000 0 0
9 20000 0 0
10 20000 0 0
11 20000 0 0
12 20000 0 0
13 20000 0 0
14 20000 0 0
15 20000 0 0
16 20000 0 0
17 20000 0 0
18 30000 0 0
19 30000 0 0
20 30000 0 0
21 30000 0 0
22 30000 0 0
23 30000 0 0
24 30000 0 0
25 30000 0 0
26 30000 0 0
27 30000 0 0
28 30000 0 0
29 30000 0 0
30 30000 0 0
31 30000 0 0
32 30000 0 0
33 30000 0 0
34 30000 0 0
35 30000 0 0
36 30000 0 0
37 30000 0 0
38 30000 0 0
39 30000 0 0
40 30000 0 0
41 30000 0 0
42 40000 0 0
43 40000 0 0
44 40000 0 0
45 40000 0 0
46 40000 0 0
47 40000 0 0
48 40000 0 0
49 40000 0 0
50 40000 0 0
51 50000 0 0
52 50000 0 0
53 50000 0 0
54 50000 0 0
55 50000 0 0
56 50000 0 0
57 50000 0 0
58 50000 0 0
59 50000 0 0
60 50000 0 0
61 50000 0 0
62 50000 0 0
63 50000 0 0
64 50000 0 0
65 50000 0 0
66 60000 0 0
67 60000 0 0
68 60000 0 0
69 60000 0 0
70 60000 0 0
71 60000 0 0
72 60000 0 0
73 60000 0 0
74 60000 0 0
75 60000 0 0
76 60000 0 0
77 60000 0 0
78 60000 0 0
79 60000 0 0
80 60000 0 0
81 60000 0 0
82 60000 0 0
83 60000 0 0
84 60000 0 0
85 60000 0 0
86 60000 0 0
87 60000 0 0
88 70000 0 0
89 70000 0 0
90 70000 0 0
91 70000 0 0
92 70000 0 0
93 70000 0 0
94 70000 0 0
95 70000 0 0
96 70000 0 0
97 70000 0 0
98 70000 0 0
99 70000 0 0
100 70000 0 0
101 70000 0 0
102 70000 0 0
103 70000 0 0
104 70000 0 0
105 70000 0 0
106 70000 0 0
107 70000 0 0
108 70000 0 0
109 70000 0 0
110 70000 0 0
111 80000 0 0
112 80000 0 0
113 80000 0 0
114 80000 0 0
115 80000 0 0
116 80000 0 0
117 80000 0 0
118 80000 0 0
119 80000 0 0
120 80000 0 0
121 80000 0 0
122 80000 0 0
123 80000 0 0
124 80000 0 0
125 80000 0 0
126 80000 0 0
127 80000 0 0
128 80000 0 0
129 80000 0 0
130 80000 0 0
131 80000 0 0
132 80000 0 0
133 80000 0 0
134 80000 0 0
135 80000 0 0
136 80000 0 0
137 80000 0 0
138 90000 0 0
139 90000 0 0
140 90000 0 0
141 90000 0 0
142 90000 0 0
143 90000 0 0
144 90000 0 0
145 90000 0 0
146 90000 0 0
147 90000 0 0
148 90000 0 0
149 90000 0 0
150 90000 0 0
151 90000 0 0
152 90000 0 0
153 90000 0 0
154 90000 0 0
155 90000 0 0
156 90000 0 0
157 90000 0 0
158 90000 0 0
159 90000 0 0
160 90000 0 0
161 90000 0 0
162 90000 0 0
163 90000 0 0
164 90000 0 0
165 90000 0 0
166 90000 0 0
167 100000 0 0
168 100000 0 0
169 100000 0 0
170 100000 0 0
171 100000 0 0
172 100000 0 0
173 100000 0 0
174 100000 0 0
175 100000 0 0
176 100000 0 0
177 100000 0 0
178 100000 0 0
179 100000 0 0
180 100000 0 0
181 100000 0 0
182 100000 0 0
183 110000 0 0
184 110000 0 0
185 110000 0 0
186 110000 0 0
187 110000 0 0
188 110000 0 0
189 110000 0 0
190 110000 0 0
191 110000 0 0
192 110000 0 0
193 110000 0 0
194 110000 0 0
195 110000 0 0
196 110000 0 0
197 110000 0 0
198 110000 0 0
199 110000 0 0
200 110000 0 0
201 110000 0 0
202 110000 0 0
203 110000 0 0
204 110000 0 0
205 110000 0 0
206 110000 0 0
207 120000 0 0
208 120000 0 0
209 120000 0 0
210 120000 0 0
211 120000 0 0
212 120000 0 0
213 120000 0 0
214 120000 0 0
215 120000 0 0
216 130000 0 0
217 130000 0 0
218 130000 0 0
219 130000 0 0
220 130000 0 0
221 130000 0 0
222 130000 0 0
223 130000 0 0
224 130000 0 0
225 130000 0 0
226 130000 0 0
227 130000 0 0
228 130000 0 0
229 130000 0 0
230 130000 0 0
231 130000 0 0
232 130000 0 0
233 130000 0 0
234 130000 0 0
235 130000 0 0
236 130000 0 0
237 130000 0 0
238 130000 0 0
239 130000 0 0
240 130000 0 0
241 130000 0 0
242 130000 0 0
243 130000 0 0
244 130000 0 0
245 130000 0 0
246 130000 0 0
247 130000 0 0
248 130000 0 0
249 130000 0 0
250 130000 0 0
251 130000 0 0
252 130000 0 0
253 130000 0 0
254 130000 0 0
255 130000 0 0
256 130000 0 0
257 140000 0 0
258 140000 0 0
259 140000 0 0
260 150000 0 0
261 150000 0 0
262 150000 0 0
263 150000 0 0
264 150000 0 0
265 150000 0 0
266 150000 0 0
267 150000 0 0
268 150000 0 0
269 150000 0 0
270 150000 0 0
271 150000 0 0
272 150000 0 0
273 150000 0 0
274 150000 0 0
275 160000 0 0
276 160000 0 0
277 160000 0 0
278 160000 0 0
279 160000 0 0
280 160000 0 0
281 160000 0 0
282 160000 0 0
283 160000 0 0
284 160000 0 0
285 160000 0 0
286 160000 0 0
287 160000 0 0
288 160000 0 0
289 160000 0 0
290 160000 0 0
291 160000 0 0
292 160000 0 0
293 160000 0 0
294 160000 0 0
295 160000 0 0
296 160000 0 0
297 160000 0 0
298 160000 0 0
299 160000 0 0
300 160000 0 0
301 160000 0 0
302 160000 0 0
303 160000 0 0
304 160000 0 0
305 160000 0 0
306 160000 0 0
307 160000 0 0
308 160000 0 0
309 160000 0 0
310 160000 0 0
311 160000 0 0
312 160000 0 0
313 160000 0 0
314 160000 0 0
315 160000 0 0
316 160000 0 0
317 160000 0 0
318 170000 0 0
319 170000 0 0
320 170000 0 0
321 170000 0 0
322 170000 0 0
323 170000 0 0
324 170000 0 0
325 170000 0 0
326 170000 0 0
327 170000 0 0
328 170000 0 0
329 180000 0 0
330 180000 0 0
331 180000 0 0
332 180000 0 0
333 180000 0 0
334 180000 0 0
335 180000 0 0
336 180000 0 0
337 180000 0 0
338 180000 0 0
339 180000 0 0
340 180000 0 0
341 180000 0 0
342 180000 0 0
343 180000 0 0
344 180000 0 0
345 180000 0 0
346 180000 0 0
347 180000 0 0
348 180000 0 0
349 180000 0 0
350 180000 0 0
351 180000 0 0
352 180000 0 0
353 180000 0 0
354 180000 0 0
355 180000 0 0
356 180000 0 0
357 180000 0 0
358 180000 0 0
359 180000 0 0
360 190000 0 0
361 190000 0 0
362 190000 0 0
363 190000 0 0
364 190000 0 0
365 190000 0 0
366 190000 0 0
367 190000 0 0
368 190000 0 0
369 190000 0 0
370 190000 0 0
371 190000 0 0
372 190000 0 0
373 190000 0 0
374 190000 0 0
375 190000 0 0
376 190000 0 0
377 190000 0 0
378 190000 0 0
379 190000 0 0
380 190000 0 0
381 190000 0 0
382 200000 0 0
383 200000 0 0
384 200000 0 0
385 200000 0 0
386 200000 0 0
387 200000 0 0
388 200000 0 0
389 200000 0 0
390 200000 0 0
391 200000 0 0
392 200000 0 0
393 200000 0 0
394 200000 0 0
395 200000 0 0.1
396 200000 0 0.2
397 200000 0 0.3
398 200000 0 0.4
399 200000 0 0.5
400 200000 0 0.6
401 200000 0 0.7
402 200000 0 0.8
403 200000 0 0.9
404 200000 0 1
405 210000 0 1
406 210000 0 1
407 210000 0 1
408 210000 0 1
409 210000 0 1
410 210000 0 1
411 210000 0 1
412 210000 0 1
413 210000 0 1
414 210000 0 1
415 210000 0 1
416 210000 0 1
417 210000 0 1
418 210000 0 1
419 210000 0 1
420 210000 0 1
421 210000 0 1
422 210000 0 1
423 210000 0 1
424 210000 0 1
425 210000 0 1
426 210000 0 1
427 210000 0 1
428 210000 0 1
429 210000 0 1
430 210000 0 1
431 210000 0 1
432 210000 0 1
433 210000 0 1
434 210000 0 1
435 210000 0 1
436 210000 0 1
437 210000 0 1
438 210000 0 1
439 210000 0 1
440 220000 0 1
441 220000 0 1
442 220000 0 1
443 220000 0 1
444 220000 0 1
445 220000 0 1
446 220000 0 1
447 220000 0 1
448 220000 0 1
449 220000 0 1
450 220000 0 1
451 220000 0 1
452 220000 0 1
453 220000 0 1
454 220000 0 1
455 220000 0 1
456 220000 0 1
457 220000 0 1
458 220000 0 1
459 220000 0 1
460 220000 0 1
461 220000 0 1
462 220000 0 1
463 220000 0 1
464 220000 0 1
465 220000 0 1
466 220000 0 1
467 220000 0 1
468 220000 0 1
469 220000 0 1
470 230000 0 1
471 230000 0 1
472 230000 0 1
473 230000 0.02 0.9
474 230000 0.04 0.8
475 230000 0.06 0.7
476 230000 0.08 0.6
477 230000 0.1 0.5
478 230000 0.12 0.4
479 230000 0.14 0.3
480 230000 0.16 0.2
481 230000 0.18 0.1
482 230000 0.2 1.38778e-16
483 230000 0.2 0
484 230000 0.2 0
485 230000 0.2 0
486 230000 0.2 0
487 230000 0.2 0
488 230000 0.2 0
489 230000 0.2 0
490 230000 0.2 0
491 230000 0.2 0
492 230000 0.2 0
493 230000 0.2 0
494 230000 0.2 0
495 230000 0.2 0
496 230000 0.2 0
497 230000 0.2 0
498 230000 0.2 0
499 230000 0.2 0
500 240000 0.2 0
501 240000 0.2 0
502 240000 0.2 0
503 240000 0.2 0
504 240000 0.2 0
505 240000 0.2 0
506 240000 0.2 0
507 240000 0.2 0
508 240000 0.2 0
509 240000 0.2 0
510 240000 0.2 0
511 240000 0.2 0
512 240000 0.2 0
513 240000 0.2 0
514 240000 0.2 0
515 240000 0.2 0
516 240000 0.2 0
517 240000 0.2 0
518 240000 0.2 0
519 240000 0.2 0
520 240000 0.2 0
521 240000 0.2 0
522 240000 0.2 0
523 240000 0.2 0
524 240000 0.2 0
525 240000 0.2 0
526 240000 0.2 0
527 240000 0.2 0
528 240000 0.2 0
529 240000 0.2 0
530 240000 0.2 0
531 240000 0.2 0
532 240000 0.2 0
533 240000 0.2 0
534 240000 0.2 0
535 240000 0.2 0
536 240000 0.2 0
537 250000 0.2 0
538 250000 0.2 0
539 250000 0.2 0
540 250000 0.2 0
541 250000 0.2 0
542 250000 0.2 0
543 250000 0.2 0
544 250000 0.2 0
545 250000 0.2 0
546 250000 0.2 0
547 250000 0.2 0
548 260000 0.2 0
549 260000 0.2 0
550 260000 0.2 0
551 260000 0.2 0
552 260000 0.2 0
553 260000 0.2 0
554 260000 0.2 0
555 260000 0.2 0
556 260000 0.2 0
557 260000 0.2 0
558 260000 0.2 0
559 260000 0.2 0
560 260000 0.2 0
561 260000 0.2 0
562 260000 0.2 0
563 260000 0.2 0
564 260000 0.2 0
565 260000 0.2 0
566 260000 0.2 0
567 260000 0.2 0
568 260000 0.2 0
569 260000 0.2 0
570 260000 0.2 0
571 260000 0.2 0
572 260000 0.2 0
573 260000 0.2 0
574 260000 0.2 0
575 260000 0.2 0
576 260000 0.2 0
577 260000 0.2 0
578 260000 0.2 0
579 260000 0.2 0
580 260000 0.2 0
581 260000 0.2 0
582 260000 0.2 0
583 260000 0.2 0
584 260000 0.2 0
585 260000 0.2 0
586 260000 0.2 0
587 260000 0.2 0
588 260000 0.2 0
589 260000 0.2 0
590 260000 0.2 0
591 260000 0.2 0
592 260000 0.2 0
593 260000 0.2 0
594 260000 0.2 0
595 260000 0.2 0
596 260000 0.2 0
597 260000 0.2 0
598 260000 0.2 0
599 260000 0.2 0
600 260000 0.2 0
601 260000 0.2 0
602 260000 0.2 0
603 260000 0.2 0
604 260000 0.2 0
605 270000 0.2 0
606 270000 0.2 0
607 270000 0.2 0
608 270000 0.2 0
609 270000 0.2 0
610 270000 0.2 0
611 270000 0.2 0
612 270000 0.2 0
613 270000 0.2 0
614 270000 0.2 0
615 270000 0.2 0
616 270000 0.2 0
617 270000 0.2 0
618 270000 0.2 0
619 270000 0.2 0
620 270000 0.2 0
621 270000 0.2 0
622 270000 0.2 0
623 270000 0.2 0
624 270000 0.2 0
625 270000 0.2 0
626 270000 0.2 0
627 270000 0.2 0
628 270000 0.2 0
629 270000 0.2 0
630 270000 0.2 0
631 270000 0.2 0
632 270000 0.2 0
633 280000 0.2 0
634 280000 0.2 0
635 280000 0.2 0
636 280000 0.2 0
637 280000 0.2 0
638 280000 0.2 0
639 280000 0.2 0
640 280000 0.2 0
641 280000 0.2 0
642 280000 0.2 0
643 280000 0.2 0
644 280000 0 0
645 280000 0 0
646 280000 0 0
647 290000 0 0
648 290000 0 0
649 290000 0 0
650 290000 0 0
651 290000 0 0
652 290000 0 0
653 290000 0 0
654 290000 0 0
655 290000 0 0
656 290000 0 0
657 290000 0 0
658 290000 0 0
659 290000 0 0
660 290000 0 0
661 290000 0 0
662 290000 0 0
663 290000 0 0
664 290000 0 0
665 290000 0 0
666 290000 0 0
667 290000 0 0
668 290000 0 0
669 290000 0 0
670 290000 0 0
671 300000 0 0
672 300000 0 0
673 300000 0 0
674 300000 0 0
675 300000 0 0
676 300000 0 0
677 300000 0 0
678 300000 0 0
679 300000 0 0
680 300000 0 0
681 300000 0 0
682 300000 0 0
683 300000 0 0
684 300000 0 0
685 300000 0 0
686 300000 0 0
687 300000 0 0
688 310000 0 0
689 310000 0 0
690 310000 0 0
691 310000 0 0
692 310000 0 0
693 310000 0 0
694 310000 0 0
695 310000 0 0
696 310000 0 0
697 310000 0 0
698 310000 0 0
699 310000 0 0
700 310000 0 0
701 310000 0 0
702 310000 0 0
703 310000 0 0
704 310000 0 0
705 310000 0 0
706 310000 0 0
707 310000 0 0
708 320000 0 0
709 320000 0 0
710 320000 0 0
711 320000 0 0
712 320000 0 0
713 320000 0 0
714 320000 0 0
715 320000 0 0
716 320000 0 0
717 320000 0 0
718 320000 0 0
719 320000 0 0
720 320000 0 0
721 320000 0 0
722 320000 0 0
723 320000 0 0
724 320000 0 0
725 320000 0 0
726 320000 0 0
727 320000 0 0
728 320000 0 0
729 320000 0 0
730 320000 0 0
731 320000 0 0
732 320000 0 0
733 330000 0 0
734 330000 0 0
735 330000 0 0
736 330000 0 0
737 330000 0 0
738 330000 0 0
739 330000 0 0
740 330000 0 0
741 330000 0 0
742 330000 0 0
743 330000 0 0
744 330000 0 0
745 330000 0 0
746 330000 0 0
747 330000 0 0
748 330000 0 0
749 330000 0 0
750 330000 0 0
751 330000 0 0
752 330000 0 0
753 330000 0 0
754 330000 0 0
755 330000 0 0
756 330000 0 0
757 340000 0 0
758 340000 0 0
759 340000 0 0
760 340000 0 0
761 340000 0 0
762 340000 0 0
763 340000 0 0
764 340000 0 0
765 340000 0 0
766 340000 0 0
767 340000 0 0
768 340000 0 0
769 340000 0 0
770 340000 0 0
771 340000 0 0
772 340000 0 0
773 340000 0 0
774 340000 0 0
775 340000 0 0
776 340000 0 0
777 350000 0 0
778 350000 0 0
779 350000 0 0
780 350000 0 0
781 350000 0 0
782 350000 0 0
783 350000 0 0
784 350000 0 0
785 350000 0 0
786 350000 0 0
787 350000 0 0
788 350000 0 0
789 350000 0 0
790 350000 0 0
791 350000 0 0
792 360000 0 0
793 360000 0 0
794 360000 0 0
795 360000 0 0
796 360000 0 0
797 360000 0 0
798 360000 0 0
799 360000 0 0
800 360000 0 0
801 360000 0 0
802 360000 0 0
803 360000 0 0
804 360000 0 0
805 360000 0 0
806 360000 0 0
807 360000 0 0
808 360000 0 0
809 360000 0 0
810 360000 0 0
811 360000 0 0
812 360000 0 0
813 360000 0 0
814 360000 0 0
815 360000 0 0
816 360000 0 0
817 360000 0 0
818 360000 0 0
819 360000 0 0
820 360000 0 0
821 360000 0 0
822 360000 0 0
823 360000 0 0
824 360000 0 0
825 360000 0 0
826 360000 0 0
827 360000 0 0
828 360000 0 0
829 370000 0 0
830 370000 0 0
831 370000 0 0
832 380000 0 0
833 380000 0 0
834 380000 0 0
835 380000 0 0
836 380000 0 0
837 380000 0 0
838 380000 0 0
839 380000 0 0
840 380000 0 0
841 380000 0 0
842 380000 0 0
843 380000 0 0
844 380000 0 0
845 380000 0 0
846 380000 0 0
847 380000 0 0
848 380000 0 0
849 380000 0 0
850 380000 0 0
851 380000 0 0
852 380000 0 0
853 380000 0 0
854 380000 0 0
855 380000 0 0
856 390000 0 0
857 390000 0 0
858 390000 0 0
859 390000 0 0
860 390000 0 0
861 390000 0 0
862 390000 0 0
863 390000 0 0
864 390000 0 0
865 390000 0 0
866 390000 0 0
867 390000 0 0
868 390000 0 0
869 390000 0 0
870 390000 0 0
871 390000 0 0
872 390000 0 0
873 390000 0 0
874 390000 0 0
875 390000 0 0
876 390000 0 0
877 390000 0 0
878 390000 0 0
879 390000 0 0
880 390000 0 0
881 390000 0 0
882 390000 0 0
883 390000 0 0
884 390000 0 0
885 390000 0 0
886 390000 0 0
887 390000 0 0
888 390000 0 0
889 390000 0 0
890 390000 0 0
891 400000 0 0
892 400000 0 0
893 400000 0 0
894 400000 0 0
895 400000 0 0
896 400000 0 0
897 400000 0 0
898 410000 0 0
899 410000 0 0
900 410000 0 0
901 410000 0 0
902 410000 0 0
903 410000 0 0
904 410000 0 0
905 410000 0 0
906 410000 0 0
907 410000 0 0
908 410000 0 0
909 410000 0 0
910 410000 0 0
911 410000 0 0
912 410000 0 0
913 410000 0 0
914 410000 0 0
915 410000 0 0
916 420000 0 0
917 420000 0 0
918 420000 0 0
919 420000 0 0
920 420000 0 0
921 420000 0 0
922 420000 0 0
923 420000 0 0
924 420000 0 0
925 420000 0 0
926 420000 0 0
927 420000 0 0
928 420000 0 0
929 420000 0 0
930 420000 0 0
931 420000 0 0
932 420000 0 0
933 420000 0 0
934 420000 0 0
935 420000 0 0
936 420000 0 0
937 420000 0 0
938 430000 0 0
939 430000 0 0
940 430000 0 0
941 430000 0 0
942 430000 0 0
943 430000 0 0
944 430000 0 0
945 430000 0 0
946 430000 0 0
947 430000 0 0
948 430000 0 0
949 430000 0 0
950 430000 0 0
951 430000 0 0
952 430000 0 0
953 430000 0 0
954 430000 0 0
955 430000 0 0
956 430000 0 0
957 430000 0 0
958 430000 0 0
959 430000 0 0
960 430000 0 0
961 430000 0 0
962 430000 0 0
963 430000 0 0
964 430000 0 0
965 430000 0 0
966 430000 0 0
967 430000 0 0
968 430000 0 0
969 440000 0 0
970 440000 0 0
971 440000 0 0
972 440000 0 0
973 440000 0 0
974 440000 0 0
975 440000 0 0
976 440000 0 0
977 440000 0 0
978 440000 0 0
979 440000 0 0
980 440000 0 0
981 440000 0 0
982 440000 0 0
983 440000 0 0
984 440000 0 0
985 440000 0 0
986 440000 0 0
987 440000 0 0
988 440000 0 0
989 440000 0 0
990 440000 0 0
991 440000 0 0
992 440000 0 0
993 440000 0 0
994 450000 0 0
995 450000 0 0
996 450000 0 0
997 450000 0 0
998 450000 0 0
999 450000 0 0
1000 450000 0 0
1001 450000 0 0
1002 450000 0 0
1003 450000 0 0
1004 450000 0 0
1005 460000 0 0
1006 460000 0 0
1007 460000 0 0
1008 460000 0 0
1009 460000 0 0
1010 460000 0 0
1011 460000 0 0
1012 460000 0 0
1013 460000 0 0
1014 460000 0 0
1015 460000 0 0
1016 460000 0 0
1017 460000 0 0
1018 460000 0 0
1019 460000 0 0
1020 460000 0 0
1021 460000 0 0
1022 460000 0 0
1023 460000 0 0
1024 460000 0 0
1025 460000 0 0
1026 460000 0 0
1027 470000 0 0
1028 470000 0 0
1029 470000 0 0
1030 470000 0 -0.1
1031 470000 0 -0.2
1032 470000 0 -0.3
1033 470000 0 -0.4
1034 470000 0 -0.5
1035 470000 0 -0.6
1036 470000 0 -0.7
1037 470000 0 -0.8
1038 470000 0 -0.9
1039 470000 0 -1
1040 470000 0 -1
1041 470000 0 -1
1042 470000 0 -1
1043 470000 0 -1
1044 470000 0 -1
1045 470000 0 -1
1046 470000 0 -1
1047 470000 0 -1
1048 470000 0 -1
1049 470000 0 -1
1050 470000 0 -1
1051 470000 0 -1
1052 470000 0 -1
1053 470000 0 -1
1054 470000 0 -1
1055 470000 0 -1
1056 480000 0 -1
1057 480000 0 -1
1058 480000 0 -1
1059 480000 0 -1
1060 480000 0 -1
1061 480000 0 -1
1062 480000 0 -1
1063 480000 0 -1
1064 480000 0 -1
1065 480000 0 -1
1066 480000 0 -1
1067 480000 0 -1
1068 480000 0 -1
1069 480000 0 -1
1070 480000 0 -1
1071 480000 0 -1
1072 480000 0 -1
1073 480000 0 -1
1074 480000 0 -1
1075 480000 0 -1
1076 480000 0 -1
1077 480000 0 -1
1078 480000 0 -1
1079 480000 0 -1
1080 480000 0 -1
1081 480000 0 -1
1082 480000 0 -1
1083 480000 0 -1
1084 480000 0 -1
1085 480000 0 -1
1086 480000 0 -1
1087 480000 0 -1
1088 480000 0 -1
1089 480000 0 -1
1090 480000 0 -1
1091 480000 0 -1
1092 480000 0 -1
1093 480000 0 -1
1094 480000 0 -1
1095 480000 0 -1
1096 480000 0 -1
1097 480000 0 -1
1098 480000 0 -1
1099 480000 0 -1
1100 480000 0 -1
1101 480000 0 -1
1102 490000 0 -1
1103 490000 0 -1
1104 490000 0 -1
1105 490000 0 -1
1106 490000 0 -1
1107 500000 0 -1
1108 500000 0 -1
1109 500000 0 -1
1110 500000 0 -1
1111 500000 0 -1
1112 500000 0 -1
1113 500000 0 -1
1114 500000 0 -1
1115 500000 0 -1
1116 500000 0 -1
1117 500000 0 -1
1118 500000 0 -1
1119 500000 0 -1
1120 500000 0 -1
1121 500000 0 -1
1122 500000 0 -1
1123 500000 0 -1
1124 500000 0 -1
1125 500000 0 -1
1126 500000 0 -1
1127 500000 0 -1
1128 500000 0 -1
1129 500000 0 -1
1130 500000 0 -1
1131 500000 0 -1
1132 500000 0 -1
1133 500000 0 -1
1134 500000 0 -1
1135 500000 0 -1
1136 500000 0 -1
1137 500000 0 -1
1138 500000 0 -1
1139 500000 0 -1
1140 500000 0 -1
1141 500000 0 -1
1142 500000 0 -1
1143 500000 0 -1
1144 500000 0 -1
1145 500000 0 -1
1146 500000 0 -1
1147 500000 0 -1
1148 500000 0 -1
1149 500000 0 -1
1150 500000 0 -1
1151 500000 0 -1
1152 500000 0 -1
1153 500000 0 -1
1154 500000 0 -1
1155 500000 0 -1
1156 500000 0 -1
1157 500000 0 -1
1158 500000 0 -1
1159 500000 0 -1
1160 500000 0 -1
1161 510000 0 -1
1162 510000 0 -1
1163 510000 0 -1
1164 510000 0 -1
1165 510000 0 -1
1166 510000 0 -1
1167 510000 0 -1
1168 510000 0 -1
1169 510000 0 -1
1170 510000 0 -1
1171 510000 0.02 -0.9
1172 510000 0.04 -0.8
1173 510000 0.06 -0.7
1174 510000 0.08 -0.6
1175 510000 0.1 -0.5
1176 510000 0.12 -0.4
1177 510000 0.14 -0.3
1178 510000 0.16 -0.2
1179 510000 0.18 -0.1
1180 510000 0.2 -1.38778e-16
1181 520000 0.2 0
1182 520000 0.2 0
1183 520000 0.2 0
1184 520000 0.2 0
1185 520000 0.2 0
1186 520000 0.2 0
1187 520000 0.2 0
1188 520000 0.2 0
1189 520000 0.2 0
1190 520000 0.2 0
1191 520000 0.2 0
1192 520000 0.2 0
1193 520000 0.2 0
1194 520000 0.2 0
1195 520000 0.2 0
1196 520000 0.2 0
1197 520000 0.2 0
1198 520000 0.2 0
1199 520000 0.2 0
1200 520000 0.2 0
1201 520000 0.2 0
1202 520000 0.2 0
1203 520000 0.2 0
1204 520000 0.2 0
1205 520000 0.2 0
1206 520000 0.2 0
1207 520000 0.2 0
1208 520000 0.2 0
1209 520000 0.2 0
1210 520000 0.2 0
1211 520000 0.2 0
1212 520000 0.2 0
1213 520000 0.2 0
1214 520000 0.2 0
1215 520000 0.2 0
1216 520000 0.2 0
1217 520000 0.2 0
1218 520000 0.2 0
1219 520000 0.2 0
1220 520000 0.2 0
1221 530000 0.2 0
1222 530000 0.2 0
1223 530000 0.2 0
1224 530000 0.2 0
1225 530000 0.2 0
1226 530000 0.2 0
1227 530000 0.2 0
1228 530000 0.2 0
1229 530000 0.2 0
1230 530000 0.2 0
1231 530000 0.2 0
1232 530000 0.2 0
1233 530000 0.2 0
1234 530000 0.2 0
1235 530000 0.2 0
1236 530000 0.2 0
1237 530000 0.2 0
1238 530000 0.2 0
1239 530000 0.2 0
1240 530000 0.2 0
1241 530000 0.2 0
1242 530000 0.2 0
1243 530000 0.2 0
1244 530000 0.2 0
1245 530000 0.2 0
1246 530000 0.2 0
1247 530000 0.2 0
1248 530000 0.2 0
1249 530000 0.2 0
1250 530000 0.2 0
1251 530000 0.2 0
1252 540000 0.2 0
1253 540000 0.2 0
1254 540000 0.2 0
1255 540000 0.2 0
1256 540000 0.2 0
1257 540000 0.2 0
1258 540000 0.2 0
1259 540000 0.2 0
1260 540000 0.2 0
1261 550000 0.2 0
1262 550000 0.2 0
1263 550000 0.2 0
1264 550000 0.2 0
1265 550000 0.2 0
1266 550000 0.2 0
1267 550000 0.2 0
1268 550000 0.2 0
1269 550000 0.2 0
1270 550000 0.2 0
1271 550000 0.2 0
1272 550000 0.2 0
1273 550000 0.2 0
1274 550000 0.2 0
1275 550000 0.2 0
1276 550000 0.2 0
1277 550000 0.2 0
1278 550000 0.2 0
1279 550000 0.2 0
1280 550000 0.2 0
1281 550000 0.2 0
1282 550000 0.2 0
1283 550000 0.2 0
1284 550000 0.2 0
1285 550000 0.2 0
1286 550000 0.2 0
1287 550000 0.2 0
1288 550000 0.2 0
1289 550000 0.2 0
1290 550000 0.2 0
1291 550000 0.2 0
1292 550000 0.2 0
1293 560000 0.2 0
1294 560000 0.2 0
1295 560000 0.2 0
1296 560000 0.2 0
1297 560000 0.2 0
1298 560000 0.2 0
1299 560000 0.2 0
1300 560000 0.2 0
1301 560000 0.2 0
1302 560000 0.2 0
1303 560000 0.2 0
1304 560000 0.2 0
1305 560000 0.2 0
1306 560000 0.2 0
1307 560000 0.2 0
1308 560000 0.2 0
1309 560000 0.2 0
1310 560000 0.2 0
1311 560000 0.2 0
1312 560000 0.2 0
1313 560000 0.2 0
1314 560000 0.2 0
1315 560000 0.2 0
1316 560000 0.18 0
1317 560000 0.16 0.1
1318 560000 0.14 0.2
1319 560000 0.12 0.3
1320 560000 0.1 0.4
1321 560000 0.08 0.5
1322 560000 0.06 0.6
1323 560000 0.04 0.7
1324 560000 0.02 0.8
1325 560000 2.08167e-17 0.9
1326 560000 0 1
1327 570000 0 1
1328 570000 0 0.9
1329 570000 0 0.8
1330 570000 0 0.7
1331 570000 0 0.6
1332 570000 0.02 0.5
1333 570000 0.04 0.4
1334 570000 0.06 0.3
1335 570000 0.08 0.2
1336 570000 0.1 0.1
1337 570000 0.12 1.38778e-16
1338 570000 0.14 0
1339 570000 0.16 0
1340 570000 0.18 0
1341 570000 0.2 0
1342 570000 0.2 0
1343 570000 0.2 0
1344 570000 0.2 0
1345 570000 0.2 0
1346 570000 0.2 0
1347 570000 0.2 0
1348 570000 0.2 0
1349 570000 0.2 0
1350 570000 0.2 0
1351 570000 0.2 0
1352 570000 0.2 0
1353 570000 0.2 0
1354 580000 0.2 0
1355 580000 0.2 0
1356 580000 0.2 0
1357 580000 0.2 0
1358 580000 0.2 0
1359 580000 0.2 0
1360 580000 0.2 0
1361 580000 0.2 0
1362 580000 0.2 0
1363 580000 0.2 0
1364 580000 0.2 0
1365 580000 0.2 0
1366 580000 0.2 0
1367 580000 0.2 0
1368 580000 0.2 0
1369 580000 0.2 0
1370 580000 0.2 0
1371 580000 0.2 0
1372 580000 0.2 0
1373 580000 0.2 0
1374 580000 0.2 0
1375 580000 0.2 0
1376 580000 0.2 0
1377 580000 0.2 0
1378 580000 0.2 0
1379 580000 0.2 0
1380 580000 0.2 0
1381 580000 0.2 0
1382 580000 0.2 0
1383 580000 0.2 0
1384 580000 0.2 0
1385 580000 0.2 0
1386 580000 0.2 0
1387 580000 0.2 0
1388 590000 0.2 0
1389 590000 0.2 0
1390 590000 0.2 0
1391 590000 0.2 0
1392 590000 0.2 0
1393 590000 0.2 0
1394 590000 0.2 0
1395 590000 0.2 0
1396 590000 0.2 0
1397 590000 0.2 0
1398 590000 0.2 0
1399 590000 0.2 0
1400 590000 0.2 0
1401 590000 0.2 0
1402 590000 0.2 0
1403 590000 0.2 0
1404 590000 0.2 0
1405 590000 0.2 0
1406 590000 0.2 0
1407 590000 0.2 0
1408 590000 0.2 0
1409 590000 0.2 0
1410 590000 0.2 0
1411 590000 0.2 0
1412 590000 0.2 0
1413 590000 0.2 0
1414 590000 0.2 0
1415 590000 0.2 0
1416 590000 0.2 0
1417 590000 0.2 0
1418 590000 0.2 0
1419 590000 0.2 0
1420 590000 0.2 0
1421 590000 0.2 0
1422 590000 0.2 0
1423 590000 0.2 0
1424 600000 0.2 0
1425 600000 0.2 0
1426 600000 0.2 0
1427 600000 0.2 0
1428 600000 0.2 0
1429 600000 0.2 0
1430 600000 0.2 0
1431 600000 0.2 0
1432 600000 0.2 0
1433 600000 0.2 0
1434 600000 0.2 0
1435 600000 0.2 0
1436 600000 0.2 0
1437 600000 0.2 0
1438 600000 0.2 0
1439 600000 0.2 0
1440 600000 0.2 0
1441 600000 0 0
1442 610000 0 0
1443 610000 0 0
1444 610000 0 0
1445 610000 0 0
1446 610000 0 0
1447 610000 0 0
1448 610000 0 0
1449 610000 0 0
1450 610000 0 0
1451 610000 0 0
1452 610000 0 0
1453 610000 0 0
1454 610000 0 0
1455 610000 0 0
1456 610000 0 0
1457 610000 0 0
1458 610000 0 0
1459 610000 0 0
1460 610000 0 0
1461 610000 0 0
1462 610000 0 0
1463 610000 0 0
1464 610000 0 0
1465 610000 0 0
1466 610000 0 0
1467 610000 0 0
1468 610000 0 0
1469 610000 0 0
1470 610000 0 0
1471 610000 0 0
1472 610000 0 0
1473 620000 0 0
1474 620000 0 0
1475 620000 0 0
1476 620000 0 0
1477 620000 0 0
1478 620000 0 0
1479 620000 0 0
1480 620000 0 0
1481 620000 0 0
1482 620000 0 0
1483 620000 0 0
1484 620000 0 0
1485 620000 0 0
1486 620000 0 0
1487 620000 0 0
1488 620000 0 0
1489 620000 0 0
1490 620000 0 0
1491 620000 0 0
1492 620000 0 0
1493 620000 0 0
1494 630000 0 0
1495 630000 0 0
1496 630000 0 0
1497 630000 0 0
1498 630000 0 0
1499 630000 0 0
1500 630000 0 0
1501 630000 0 0
1502 630000 0 0
1503 630000 0 0
1504 630000 0 0
1505 630000 0 0
1506 630000 0 0
1507 630000 0 0
1508 630000 0 0
1509 630000 0 0
1510 630000 0 0
1511 630000 0 0
1512 630000 0 0
1513 630000 0 0
1514 630000 0 0
1515 630000 0 0
1516 630000 0 0
1517 630000 0 0
1518 630000 0 0
1519 640000 0 0
1520 640000 0 0
1521 640000 0 0
1522 640000 0 0
1523 640000 0 0
1524 640000 0 0
1525 650000 0 0
1526 650000 0 0
1527 650000 0 0
1528 650000 0 0
1529 650000 0 0
1530 650000 0 0
1531 650000 0 0
1532 650000 0 0
1533 650000 0 0
1534 650000 0 0
1535 650000 0 0
1536 650000 0 0
1537 650000 0 0
1538 650000 0 0
1539 650000 0 0
1540 650000 0 0
1541 650000 0 0
1542 650000 0 0
1543 650000 0 0
1544 650000 0 0
1545 650000 0 0
1546 650000 0 0
1547 660000 0 0
1548 660000 0 0
1549 660000 0 0
1550 660000 0 0
1551 660000 0 0
1552 660000 0 0
1553 660000 0 0
1554 660000 0 0
1555 660000 0 0
1556 660000 0 0
1557 660000 0 0
1558 660000 0 0
1559 660000 0 0
1560 660000 0 0
1561 660000 0 0
1562 660000 0 0
1563 670000 0 0
1564 670000 0 0
1565 670000 0 0
1566 670000 0 0
1567 670000 0 0
1568 670000 0 0
1569 670000 0 0
1570 670000 0 0
1571 670000 0 0
1572 670000 0 0
1573 670000 0 0
1574 670000 0 0
1575 670000 0 0
1576 670000 0 0
1577 670000 0 0
1578 670000 0 0
1579 670000 0 0
1580 670000 0 0
1581 670000 0 0
1582 670000 0 0
1583 670000 0 0
1584 670000 0 0
1585 670000 0 0
1586 670000 0 0
1587 670000 0 0
1588 670000 0 0
1589 670000 0 0
1590 670000 0 0
1591 670000 0 0
1592 670000 0 0
1593 670000 0 0
1594 670000 0 0
1595 670000 0 0
1596 680000 0 0
1597 680000 0 0
1598 680000 0 0
1599 680000 0 0
1600 680000 0 0
1601 680000 0 0
1602 680000 0 0
1603 680000 0 0
1604 680000 0 0
1605 680000 0 0
1606 680000 0 0
1607 680000 0 0
1608 680000 0 0
1609 680000 0 0
1610 680000 0 0
1611 690000 0 0
1612 690000 0 0
1613 690000 0 0
1614 690000 0 0
1615 690000 0 0
1616 690000 0 0
1617 690000 0 0
1618 690000 0 0
1619 700000 0 0
1620 700000 0 0
1621 700000 0 0
1622 700000 0 0
1623 700000 0 0
1624 700000 0 0
1625 700000 0 0
1626 700000 0 0
1627 700000 0 0
1628 700000 0 0
1629 700000 0 0
1630 700000 0 0
1631 700000 0 0
1632 700000 0 0
1633 700000 0 0
1634 700000 0 0
1635 700000 0 0
1636 700000 0 0
1637 700000 0 0
1638 700000 0 0
1639 700000 0 0
1640 700000 0 0
1641 700000 0 0
1642 700000 0 0
1643 700000 0 0
1644 700000 0 0
1645 700000 0 0
1646 700000 0 0
1647 700000 0 0
1648 700000 0 0
1649 700000 0 0
1650 700000 0 0
1651 700000 0 0
1652 700000 0 0
1653 700000 0 0
1654 700000 0 0
1655 710000 0 0
1656 710000 0 0
1657 710000 0 0
1658 710000 0 0
1659 710000 0 0
1660 710000 0 0
1661 710000 0 0
1662 710000 0 0
1663 710000 0 0
1664 710000 0 0
1665 710000 0 0
1666 710000 0 0
1667 710000 0 0
1668 710000 0 0
1669 710000 0 0
1670 710000 0 0
1671 720000 0 0
1672 720000 0 0
1673 720000 0 0
1674 720000 0 0
1675 720000 0 0
1676 720000 0 0
1677 720000 0 0
1678 720000 0 0
1679 720000 0 0
1680 720000 0 0
1681 720000 0 0
1682 720000 0 0
1683 720000 0 0
1684 720000 0 0
1685 720000 0 0
1686 720000 0 0
1687 720000 0 0
1688 720000 0 0
1689 720000 0 0
1690 720000 0 0
1691 720000 0 0
1692 720000 0 0
1693 720000 0 0
1694 720000 0 0
1695 720000 0 0
1696 720000 0 0
1697 720000 0 0
1698 720000 0 0
1699 720000 0 0
1700 720000 0 0
1701 720000 0 0
1702 730000 0 0
1703 730000 0 0
1704 730000 0 0
1705 730000 0 0
1706 730000 0 0
1707 740000 0 0
1708 740000 0 0
1709 740000 0 0
1710 740000 0 0
1711 740000 0 0
1712 740000 0 0
1713 740000 0 0
1714 740000 0 0
1715 740000 0 0
1716 740000 0 0
1717 740000 0 0
1718 740000 0 0
1719 740000 0 0
1720 740000 0 0
1721 740000 0 0
1722 740000 0 0
1723 740000 0 0
1724 740000 0 0
1725 740000 0 0
1726 750000 0 0
1727 750000 0 0
1728 750000 0 0
1729 750000 0 0
1730 750000 0 0
1731 750000 0 0
1732 750000 0 0
1733 750000 0 0
1734 750000 0 0
1735 750000 0 0
1736 750000 0 0
1737 750000 0 0
1738 750000 0 0
1739 750000 0 0
1740 750000 0 0
1741 750000 0 0
1742 750000 0 0
1743 750000 0 0
1744 750000 0 0
1745 750000 0 0
1746 750000 0 0
1747 750000 0 0
1748 750000 0 0
1749 750000 0 0
