N Time vx wz 
1 80000 0 0
2 80000 0 0
3 80000 0 0
4 80000 0 0
5 90000 0 0
6 90000 0 0
7 90000 0 0
8 90000 0 0
9 90000 0 0
10 90000 0 0
11 90000 0 0
12 90000 0 0
13 90000 0 0
14 90000 0 0
15 90000 0 0
16 90000 0 0
17 90000 0 0
18 90000 0 0
19 90000 0 0
20 90000 0 0
21 90000 0 0
22 90000 0 0
23 90000 0 0
24 90000 0 0
25 90000 0 0.1
26 90000 0 0.2
27 90000 0 0.3
28 90000 0 0.4
29 90000 0 0.5
30 90000 0 0.6
31 90000 0 0.7
32 90000 0 0.8
33 90000 0 0.9
34 90000 0 1
35 90000 0 1
36 90000 0 1
37 90000 0 1
38 90000 0 1
39 90000 0 1
40 90000 0 1
41 90000 0 1
42 90000 0 1
43 90000 0 1
44 90000 0 1
45 90000 0 1
46 90000 0 1
47 100000 0 1
48 100000 0 1
49 100000 0 1
50 100000 0 1
51 100000 0 1
52 100000 0 1
53 100000 0 1
54 100000 0 1
55 100000 0 1
56 100000 0 1
57 100000 0 1
58 100000 0 1
59 100000 0 1
60 100000 0 1
61 100000 0 1
62 100000 0 1
63 100000 0 1
64 100000 0 1
65 100000 0 1
66 100000 0 1
67 100000 0 1
68 100000 0 1
69 100000 0 1
70 100000 0 1
71 100000 0 1
72 100000 0 1
73 100000 0 1
74 100000 0 1
75 100000 0 1
76 100000 0 1
77 100000 0 1
78 100000 0 1
79 100000 0 1
80 100000 0 1
81 100000 0 1
82 110000 0 1
83 110000 0 1
84 110000 0 1
85 110000 0 1
86 110000 0 1
87 110000 0 1
88 110000 0 1
89 110000 0 1
90 110000 0 1
91 110000 0 1
92 110000 0 1
93 120000 0.02 0.9
94 120000 0.04 0.8
95 120000 0.06 0.7
96 120000 0.08 0.6
97 120000 0.1 0.5
98 120000 0.12 0.4
99 120000 0.14 0.3
100 120000 0.16 0.2
101 120000 0.18 0.1
102 120000 0.2 1.38778e-16
103 120000 0.2 0
104 120000 0.2 0
105 120000 0.2 0
106 120000 0.2 0
107 120000 0.2 0
108 120000 0.2 0
109 120000 0.2 0
110 120000 0.2 0
111 120000 0.2 0
112 120000 0.2 0
113 120000 0.2 0
114 120000 0.2 0
115 120000 0.2 0
116 120000 0.2 0
117 120000 0.2 0
118 130000 0.2 0
119 130000 0.2 0
120 130000 0.2 0
121 130000 0.2 0
122 130000 0.2 0
123 130000 0.2 0
124 130000 0.2 0
125 130000 0.2 0
126 130000 0.2 0
127 130000 0.2 0
128 130000 0.2 0
129 130000 0.2 0
130 130000 0.2 0
131 130000 0.2 0
132 130000 0.2 0
133 130000 0.2 0
134 130000 0.2 0
135 130000 0.2 0
136 130000 0.2 0
137 130000 0.2 0
138 130000 0.2 0
139 130000 0.2 0
140 130000 0.2 0
141 130000 0.2 0
142 130000 0.2 0
143 130000 0.2 0
144 130000 0.2 0
145 130000 0.2 0
146 130000 0.2 0
147 130000 0.2 0
148 130000 0.2 0
149 130000 0.2 0
150 130000 0.2 0
151 140000 0.2 0
152 140000 0.2 0
153 140000 0.2 0
154 140000 0.2 0
155 140000 0.2 0
156 140000 0.2 0
157 140000 0.2 0
158 140000 0.2 0
159 140000 0.2 0
160 140000 0.2 0
161 140000 0.2 0
162 140000 0.2 0
163 140000 0.2 0
164 140000 0.2 0
165 140000 0.2 0
166 140000 0.2 0
167 140000 0.2 0
168 140000 0.2 0
169 140000 0.2 0
170 140000 0.2 0
171 140000 0.2 0
172 140000 0.2 0
173 140000 0.2 0
174 140000 0.2 0
175 140000 0.2 0
176 140000 0.2 0
177 140000 0.2 0
178 140000 0.2 0
179 140000 0.2 0
180 140000 0.2 0
181 140000 0.2 0
182 140000 0.2 0
183 140000 0.2 0
184 140000 0.2 0
185 140000 0.2 0
186 140000 0.2 0
187 140000 0.2 0
188 140000 0.2 0
189 140000 0.2 0
190 140000 0.2 0
191 140000 0.2 0
192 140000 0.2 0
193 140000 0.2 0
194 140000 0.2 0
195 140000 0.2 0
196 140000 0.2 0
197 140000 0.2 0
198 140000 0.2 0
199 140000 0.2 0
200 140000 0.2 0
201 140000 0.2 0
202 140000 0.2 0
203 140000 0.2 0
204 140000 0.2 0
205 140000 0.2 0
206 140000 0.2 0
207 150000 0.2 0
208 150000 0.2 0
209 150000 0.2 0
210 150000 0.2 0
211 150000 0.2 0
212 150000 0.2 0
213 150000 0.2 0
214 150000 0.2 0
215 150000 0.2 0
216 150000 0.2 0
217 150000 0.2 0
218 150000 0.2 0
219 150000 0.2 0
220 150000 0.2 0
221 150000 0.2 0
222 150000 0.2 0
223 150000 0.2 0
224 150000 0.2 0
225 150000 0.2 0
226 150000 0.2 0
227 150000 0.2 0
228 150000 0.2 0
229 150000 0.2 0
230 150000 0.2 0
231 150000 0.2 0
232 150000 0.2 0
233 150000 0.2 0
234 150000 0.2 0
235 150000 0.2 0
236 150000 0.2 0
237 150000 0.2 0
238 150000 0.2 0
239 150000 0.2 0
240 150000 0.2 0
241 160000 0.2 0
242 160000 0.2 0
243 160000 0.2 0
244 160000 0.2 0
245 160000 0.2 0
246 160000 0.2 0
247 160000 0 0
248 160000 0 0
249 160000 0 0
250 160000 0 0
251 160000 0 0
252 160000 0 0
253 160000 0 0
254 170000 0 0
255 170000 0 0
256 170000 0 0
257 170000 0 0
258 170000 0 0
259 170000 0 0
260 170000 0 0
261 170000 0 0
262 170000 0 0
263 170000 0 0
264 170000 0 0
265 170000 0 0
266 170000 0 0
267 170000 0 0
268 170000 0 0
269 170000 0 0
270 170000 0 0
271 170000 0 0
272 180000 0 0
273 180000 0 0
274 180000 0 0
275 180000 0 0
276 180000 0 0
277 180000 0 0
278 180000 0 0
279 180000 0 0
280 180000 0 0
281 180000 0 0
282 180000 0 0
283 180000 0 0
284 180000 0 0
285 180000 0 0
286 180000 0 0
287 180000 0 0
288 180000 0 0
289 180000 0 0
290 180000 0 0
291 180000 0 0
292 180000 0 0
293 180000 0 0
294 180000 0 0
295 180000 0 0
296 180000 0 0
297 180000 0 0
298 180000 0 0
299 180000 0 0
300 180000 0 0
301 190000 0 0
302 190000 0 0
303 190000 0 0
304 190000 0 0
305 190000 0 0
306 190000 0 0
307 190000 0 0
308 190000 0 0
309 190000 0 0
310 190000 0 0
311 190000 0 0
312 190000 0 0
313 190000 0 0
314 190000 0 0
315 190000 0 0
316 190000 0 0
317 190000 0 0
318 190000 0 0
319 190000 0 0
320 190000 0 0
321 190000 0 0
322 190000 0 0
323 190000 0 0
324 190000 0 0
325 190000 0 0
326 190000 0 0
327 190000 0 0
328 190000 0 0
329 200000 0 0
330 200000 0 0
331 200000 0 0
332 200000 0 0
333 200000 0 0
334 200000 0 0
335 200000 0 0
336 200000 0 0
337 200000 0 0
338 200000 0 0
339 200000 0 0
340 200000 0 0
341 200000 0 0
342 200000 0 0
343 200000 0 0
344 200000 0 0
345 200000 0 0
346 200000 0 0
347 200000 0 0
348 200000 0 0
349 200000 0 0
350 200000 0 0
351 210000 0 0
352 210000 0 0
353 210000 0 0
354 210000 0 0
355 210000 0 0
356 210000 0 0
357 210000 0 0
358 210000 0 0
359 210000 0 0
360 210000 0 0
361 210000 0 0
362 220000 0 0
363 220000 0 0
364 220000 0 0
365 220000 0 0
366 220000 0 0
367 220000 0 0
368 220000 0 0
369 220000 0 0
370 220000 0 0
371 220000 0 0
372 220000 0 0
373 220000 0 0
374 220000 0 0
375 220000 0 0
376 220000 0 0
377 220000 0 0
378 220000 0 0
379 220000 0 0
380 220000 0 0
381 220000 0 0
382 220000 0 0
383 230000 0 0
384 230000 0 0
385 230000 0 0
386 230000 0 0
387 230000 0 0
388 230000 0 0
389 230000 0 0
390 230000 0 0
391 230000 0 0
392 230000 0 0
393 230000 0 0
394 230000 0 0
395 230000 0 0
396 230000 0 0
397 230000 0 0
398 230000 0 0
399 230000 0 0
400 230000 0 0
401 230000 0 0
402 230000 0 0
403 230000 0 0
404 230000 0 0
405 230000 0 0
406 230000 0 0
407 230000 0 0
408 240000 0 0
409 240000 0 0
410 240000 0 0
411 240000 0 0
412 240000 0 0
413 250000 0 0
414 250000 0 0
415 250000 0 0
416 250000 0 0
417 250000 0 0
418 250000 0 0
419 250000 0 0
420 250000 0 0
421 250000 0 0
422 250000 0 0
423 250000 0 0
424 250000 0 0
425 250000 0 0
426 250000 0 0
427 250000 0 0
428 250000 0 0
429 250000 0 0
430 250000 0 0
431 250000 0 0
432 250000 0 0
433 250000 0 0
434 250000 0 0
435 260000 0 0
436 260000 0 0
437 260000 0 0
438 260000 0 0
439 260000 0 0
440 260000 0 0
441 260000 0 0
442 260000 0 0
443 260000 0 0
444 260000 0 0
445 260000 0 0
446 260000 0 0
447 260000 0 0
448 260000 0 0
449 260000 0 0
450 260000 0 0
451 260000 0 0
452 260000 0 0
453 260000 0 0
454 260000 0 0
455 260000 0 0
456 260000 0 0
457 260000 0 0
458 260000 0 0
459 260000 0 0
460 260000 0 0
461 260000 0 0
462 260000 0 0
463 260000 0 0
464 270000 0 0
465 270000 0 0
466 270000 0 0
467 270000 0 0
468 270000 0 0
469 270000 0 0
470 270000 0 0
471 270000 0 0
472 270000 0 0
473 270000 0 0
474 270000 0 0
475 270000 0 0
476 270000 0 0
477 270000 0 0
478 270000 0 0
479 270000 0 0
480 270000 0 0
481 270000 0 0
482 270000 0 0
483 270000 0 0
484 270000 0 0
485 270000 0 0
486 280000 0 0
487 280000 0 0
488 280000 0 0
489 280000 0 0
490 280000 0 0
491 290000 0 0
492 290000 0 0
493 290000 0 0
494 290000 0 0
495 290000 0 0
496 290000 0 0
497 290000 0 0
498 290000 0 0
499 290000 0 0
500 290000 0 0
501 290000 0 0
502 290000 0 0
503 290000 0 0
504 290000 0 0
505 290000 0 0
506 290000 0 0
507 290000 0 0
508 290000 0 0
509 300000 0 0
510 300000 0 0
511 300000 0 0
512 300000 0 0
513 300000 0 0
514 300000 0 0
515 300000 0 0
516 300000 0 0
517 300000 0 0
518 300000 0 -0.1
519 300000 0 -0.2
520 300000 0 -0.3
521 300000 0 -0.4
522 300000 0 -0.5
523 300000 0 -0.6
524 300000 0 -0.7
525 300000 0 -0.8
526 300000 0 -0.9
527 300000 0 -1
528 300000 0 -1
529 300000 0 -1
530 300000 0 -1
531 300000 0 -1
532 300000 0 -1
533 300000 0 -1
534 300000 0 -1
535 300000 0 -1
536 300000 0 -1
537 300000 0 -1
538 310000 0 -1
539 310000 0 -1
540 310000 0 -1
541 310000 0 -1
542 310000 0 -1
543 310000 0 -1
544 310000 0 -1
545 310000 0 -1
546 310000 0 -1
547 310000 0 -1
548 310000 0 -1
549 310000 0 -1
550 310000 0 -1
551 310000 0 -1
552 310000 0 -1
553 310000 0 -1
554 310000 0 -1
555 310000 0 -1
556 310000 0 -1
557 310000 0 -1
558 310000 0 -1
559 310000 0 -1
560 310000 0 -1
561 310000 0 -1
562 310000 0 -1
563 310000 0 -1
564 310000 0 -1
565 310000 0 -1
566 310000 0 -1
567 310000 0 -1
568 310000 0 -1
569 310000 0 -1
570 310000 0 -1
571 310000 0 -1
572 310000 0 -1
573 320000 0 -1
574 320000 0 -1
575 320000 0 -1
576 320000 0 -1
577 320000 0 -1
578 320000 0 -1
579 320000 0 -1
580 320000 0 -1
581 320000 0 -1
582 320000 0 -1
583 320000 0 -1
584 320000 0 -1
585 320000 0 -1
586 320000 0 -1
587 320000 0 -1
588 320000 0 -1
589 320000 0 -1
590 320000 0 -1
591 320000 0 -1
592 320000 0 -1
593 320000 0 -1
594 320000 0 -1
595 320000 0 -1
596 320000 0 -1
597 320000 0 -1
598 320000 0 -1
599 320000 0 -1
600 320000 0 -1
601 320000 0 -1
602 320000 0 -1
603 320000 0 -1
604 320000 0 -1
605 320000 0 -1
606 330000 0 -1
607 330000 0 -1
608 330000 0 -1
609 330000 0 -1
610 330000 0 -1
611 330000 0 -1
612 330000 0 -1
613 330000 0 -1
614 330000 0 -1
615 330000 0 -1
616 330000 0 -1
617 330000 0 -1
618 330000 0 -1
619 330000 0 -1
620 330000 0 -1
621 330000 0 -1
622 330000 0 -1
623 330000 0 -1
624 340000 0 -1
625 340000 0 -1
626 340000 0 -1
627 340000 0 -1
628 340000 0 -1
629 340000 0 -1
630 340000 0.02 -0.9
631 340000 0.04 -0.8
632 340000 0.06 -0.7
633 340000 0.08 -0.6
634 340000 0.1 -0.5
635 340000 0.08 -0.4
636 340000 0.1 -0.3
637 340000 0.12 -0.2
638 340000 0.14 -0.1
639 340000 0.16 -1.38778e-16
640 340000 0.18 0
641 340000 0.2 0
642 340000 0.2 0
643 340000 0.2 0
644 340000 0.2 0
645 340000 0.2 0
646 340000 0.2 0
647 340000 0.2 0
648 340000 0.2 0
649 340000 0.2 0
650 340000 0.2 0
651 340000 0.2 0
652 340000 0.2 0
653 340000 0.2 0
654 340000 0.2 0
655 340000 0.2 0
656 340000 0.2 0
657 340000 0.18 -0.1
658 340000 0.16 -0.2
659 340000 0.14 -0.3
660 340000 0.12 -0.4
661 340000 0.1 -0.5
662 340000 0.08 -0.4
663 340000 0.06 -0.3
664 340000 0.04 -0.2
665 340000 0.02 -0.1
666 350000 0.04 -2.77556e-17
667 350000 0.06 0
668 350000 0.08 0
669 350000 0.1 0
670 350000 0.12 0
671 350000 0.14 0
672 350000 0.16 0
673 350000 0.18 0
674 350000 0.2 0
675 350000 0.2 0
676 350000 0.2 0
677 350000 0.2 0
678 350000 0.2 0
679 350000 0.2 0
680 350000 0.2 0
681 350000 0.2 0
682 350000 0.2 0
683 350000 0.2 0
684 350000 0.2 0
685 350000 0.2 0
686 350000 0.2 0
687 350000 0.2 0
688 350000 0.2 0
689 350000 0.2 0
690 350000 0.2 0
691 350000 0.2 0
692 350000 0.2 0
693 360000 0.2 0
694 360000 0.2 0
695 360000 0.2 0
696 360000 0.2 0
697 360000 0.2 0
698 360000 0.2 0
699 360000 0.2 0
700 360000 0.2 0
701 370000 0.2 0
702 370000 0.2 0
703 370000 0.2 0
704 370000 0.2 0
705 370000 0.2 0
706 370000 0.2 0
707 370000 0.2 0
708 370000 0.2 0
709 370000 0.2 0
710 370000 0.2 0
711 370000 0.2 0
712 370000 0.2 0
713 370000 0.2 0
714 370000 0.2 0
715 370000 0.2 0
716 370000 0.2 0
717 370000 0.2 0
718 370000 0.2 0
719 370000 0.2 0
720 370000 0.2 0
721 370000 0.2 0
722 370000 0.2 0
723 370000 0.2 0
724 380000 0.2 0
725 380000 0.2 0
726 380000 0.2 0
727 380000 0.2 0
728 380000 0.2 0
729 380000 0.2 0
730 380000 0.2 0
731 380000 0.2 0
732 380000 0.2 0
733 380000 0.2 0
734 380000 0.2 0
735 380000 0.2 0
736 380000 0.2 0
737 380000 0.2 0
738 380000 0.2 0
739 380000 0.2 0
740 380000 0.2 0
741 380000 0.2 0
742 380000 0.2 0
743 380000 0.2 0
744 380000 0.2 0
745 380000 0.2 0
746 380000 0.2 0
747 380000 0.2 0
748 380000 0.2 0
749 380000 0.2 0
750 380000 0.2 0
751 380000 0.2 0
752 380000 0.2 0
753 380000 0.2 0
754 380000 0.2 0
755 380000 0.2 0
756 380000 0.2 0
757 380000 0.2 0
758 380000 0.2 0
759 380000 0.2 0
760 380000 0.2 0
761 380000 0.2 0
762 380000 0.2 0
763 390000 0.2 0
764 390000 0.2 0
765 390000 0.2 0
766 390000 0.2 0
767 390000 0.2 0
768 390000 0.2 0
769 390000 0.2 0
770 390000 0.2 0
771 390000 0.2 0
772 390000 0.2 0
773 390000 0.2 0
774 390000 0.2 0
775 390000 0.2 0
776 390000 0.2 0
777 390000 0.2 0
778 390000 0.2 0
779 390000 0.2 0
780 390000 0.2 0
781 390000 0.2 0
782 390000 0.2 0
783 390000 0.2 0
784 390000 0.2 0
785 390000 0.2 0
786 390000 0.2 0
787 390000 0.2 0
788 390000 0.2 0
789 390000 0.2 0
790 400000 0.2 0
791 400000 0.2 0
792 400000 0.2 0
793 400000 0.2 0
794 400000 0.2 0
795 400000 0.2 0
796 400000 0.2 0
797 400000 0.2 0
798 400000 0.2 0
799 400000 0.2 0
800 400000 0.2 0
801 400000 0.2 0
802 400000 0.2 0
803 400000 0.2 0
804 400000 0.2 0
805 400000 0.2 0
806 400000 0.2 0
807 400000 0.2 0
808 400000 0.2 0
809 400000 0.2 0
810 400000 0.2 0
811 400000 0.2 0
812 400000 0.2 0
813 400000 0.2 0
814 400000 0.2 0
815 400000 0.2 0
816 400000 0.2 0
817 400000 0.2 0
818 400000 0.2 0
819 400000 0.2 0
820 400000 0.2 0
821 400000 0.2 0
822 400000 0.2 0
823 400000 0.2 0
824 400000 0.2 0
825 400000 0.2 0
826 400000 0.2 0
827 400000 0.2 0
828 400000 0.2 0
829 400000 0.2 0
830 400000 0.2 0
831 400000 0.2 0
832 400000 0.2 0
833 400000 0.2 0
834 400000 0.2 0
835 400000 0.2 0
836 400000 0.2 0
837 400000 0.2 0
838 400000 0.2 0
839 400000 0.2 0
840 400000 0.2 0
841 400000 0.2 0
842 400000 0.2 0
843 400000 0.2 0
844 410000 0.2 0
845 410000 0.2 0
846 410000 0.2 0
847 410000 0.2 0
848 410000 0.2 0
849 410000 0.2 0
850 410000 0.2 0
851 410000 0.2 0
852 410000 0.2 0
853 410000 0.2 0
854 410000 0.2 0
855 410000 0.2 0
856 410000 0.2 0
857 410000 0.2 0
858 410000 0.2 0
859 410000 0.2 0
860 410000 0.2 0
861 410000 0.2 0
862 410000 0.2 0
863 410000 0.2 0
864 420000 0.2 0
865 420000 0.2 0
866 420000 0.2 0
867 420000 0.2 0
868 420000 0.2 0
869 420000 0.2 0
870 420000 0.2 0
871 420000 0.2 0
872 420000 0.2 0
873 420000 0.2 0
874 420000 0.2 0
875 420000 0.2 0
876 420000 0.2 0
877 420000 0.2 0
878 420000 0.2 0
879 420000 0.2 0
880 420000 0 0
881 430000 0 0
882 430000 0 0
883 430000 0 0
884 430000 0 0
885 430000 0 0
886 430000 0 0
887 430000 0 0
888 430000 0 0
889 430000 0 0
890 430000 0 0
891 430000 0 0
892 430000 0 0
893 430000 0 0
894 430000 0 0
895 430000 0 0
896 430000 0 0
897 430000 0 0
898 430000 0 0
899 430000 0 0
900 430000 0 0
901 430000 0 0
902 430000 0 0
903 430000 0 0
904 430000 0 0
905 430000 0 0
906 430000 0 0
907 430000 0 0
908 430000 0 0
909 430000 0 0
910 430000 0 0
911 430000 0 0
912 430000 0 0
913 430000 0 0
914 430000 0 0
915 440000 0 0
916 440000 0 0
917 440000 0 0
918 440000 0 0
919 440000 0 0
920 440000 0 0
921 440000 0 0
922 440000 0 0
923 440000 0 0
924 440000 0 0
925 440000 0 0
926 440000 0 0
927 440000 0 0
928 440000 0 0
929 440000 0 0
930 440000 0 0
931 440000 0 0
932 440000 0 0
933 440000 0 0
934 440000 0 0
935 440000 0 0
936 440000 0 0
937 440000 0 0
938 440000 0 0
939 450000 0 0
940 450000 0 0
941 450000 0 0
942 450000 0 0
943 450000 0 0
944 450000 0 0
945 450000 0 0
946 450000 0 0
947 450000 0 0
948 450000 0 0
949 450000 0 0
950 450000 0 0
951 450000 0 0
952 450000 0 0
953 450000 0 0
954 450000 0 0
955 450000 0 0
956 450000 0 0
957 450000 0 0
958 450000 0 0
959 450000 0 0
960 450000 0 0
961 460000 0 0
962 460000 0 0
963 460000 0 0
964 460000 0 0
965 460000 0 0
966 460000 0 0
967 460000 0 0
968 460000 0 0
969 460000 0 0
970 460000 0 0
971 460000 0 0
972 460000 0 0
973 460000 0 0
974 460000 0 0
975 460000 0 0
976 460000 0 0
977 470000 0 0
978 470000 0 0
979 470000 0 0
980 470000 0 0
981 470000 0 0
982 470000 0 0
983 480000 0 0
984 480000 0 0
985 480000 0 0
986 480000 0 0
987 480000 0 0
988 480000 0 0
989 480000 0 0
990 480000 0 0
991 480000 0 0
992 480000 0 0
993 480000 0 0
994 480000 0 0
995 480000 0 0
996 480000 0 0
997 480000 0 0
998 480000 0 0
999 480000 0 0
1000 480000 0 0
1001 480000 0 0
1002 480000 0 0
1003 480000 0 0
1004 480000 0 0
1005 480000 0 0
1006 480000 0 0
1007 480000 0 0
1008 480000 0 0
1009 480000 0 0
1010 480000 0 0
1011 480000 0 0
1012 480000 0 0
1013 480000 0 0
1014 480000 0 0
1015 480000 0 0
1016 480000 0 0
1017 480000 0 0
1018 480000 0 0
1019 480000 0 0
1020 480000 0 0
1021 480000 0 0
1022 490000 0 0
1023 490000 0 0
1024 490000 0 0
1025 490000 0 0
1026 490000 0 0
1027 490000 0 0
1028 490000 0 0
1029 490000 0 0
1030 490000 0 0
1031 490000 0 0
1032 490000 0 0
1033 490000 0 0
1034 500000 0 0
1035 500000 0 0
1036 500000 0 0
1037 500000 0 0
1038 500000 0 0
1039 500000 0 0
1040 500000 0 0
1041 500000 0 0
1042 500000 0 0
1043 500000 0 0
1044 500000 0 0
1045 500000 0 0
1046 500000 0 0
1047 500000 0 0
1048 500000 0 0
1049 500000 0 0
1050 500000 0 0
1051 500000 0 0
1052 500000 0 0
1053 500000 0 0
1054 500000 0 0
1055 500000 0 0
1056 500000 0 0
1057 500000 0 0
1058 500000 0 0
1059 500000 0 0
1060 500000 0 0
1061 500000 0 0
1062 500000 0 0
1063 500000 0 0
1064 500000 0 0
1065 500000 0 0
1066 510000 0 0
1067 510000 0 0
1068 510000 0 0
1069 510000 0 0
1070 510000 0 0
1071 510000 0 0
1072 510000 0 0
1073 510000 0 0
1074 510000 0 0
1075 510000 0 0
1076 510000 0 0
1077 510000 0 0
1078 510000 0 0
1079 510000 0 0
1080 510000 0 0
1081 510000 0 0
1082 510000 0 0
1083 520000 0 0
1084 520000 0 0
1085 520000 0 0
1086 520000 0 0
1087 520000 0 0
1088 520000 0 0
1089 520000 0 0
1090 520000 0 0
1091 520000 0 0
1092 520000 0 0
1093 520000 0 0
1094 520000 0 0
1095 520000 0 0
1096 520000 0 0
1097 520000 0 0
1098 520000 0 0
1099 520000 0 0
1100 520000 0 0
1101 520000 0 0
1102 520000 0 0
1103 520000 0 0
1104 520000 0 0
1105 520000 0 0
1106 530000 0 0
1107 530000 0 0
1108 530000 0 0
1109 530000 0 0
1110 530000 0 0
1111 530000 0 0
1112 530000 0 0
1113 530000 0 0
1114 530000 0 0
1115 530000 0 0
1116 530000 0 0
1117 530000 0 0
1118 530000 0 0
1119 530000 0 0
1120 530000 0 0
1121 530000 0 0
1122 530000 0 0
1123 530000 0 0
1124 530000 0 0
1125 530000 0 0
1126 530000 0 0
1127 530000 0 0
1128 540000 0 0
1129 540000 0 0
1130 540000 0 0
1131 540000 0 0
1132 540000 0 0
1133 540000 0 0
1134 540000 0 0
1135 550000 0 0
1136 550000 0 0
1137 550000 0 0
1138 550000 0 0
1139 550000 0 0
1140 550000 0 0
1141 550000 0 0
1142 550000 0 0
1143 550000 0 0
1144 550000 0 0
1145 550000 0 0
1146 550000 0 0
1147 550000 0 0
1148 550000 0 0
1149 550000 0 0
1150 550000 0 0
1151 550000 0 0
1152 550000 0 0
1153 550000 0 0
1154 550000 0 0
1155 550000 0 0
1156 550000 0 0
1157 550000 0 0
1158 550000 0 0
1159 550000 0 0
1160 550000 0 0
1161 550000 0 0
1162 550000 0 0
1163 550000 0 0
1164 550000 0 0
1165 550000 0 0
1166 550000 0 0
1167 550000 0 0
1168 550000 0 0
1169 550000 0 0
1170 550000 0 0
1171 550000 0 0
1172 550000 0 0
1173 560000 0 0
1174 560000 0 0
1175 560000 0 0
1176 560000 0 0
1177 560000 0 0
1178 560000 0 0
1179 560000 0 0
1180 570000 0 0
1181 570000 0 0
1182 570000 0 0
1183 570000 0 0
1184 570000 0 0
1185 570000 0 0
1186 570000 0 0
1187 570000 0 0
1188 570000 0 0
1189 570000 0 0
1190 570000 0 0
1191 570000 0 0
1192 570000 0 0
1193 570000 0 0
1194 570000 0 0
1195 570000 0 0
1196 570000 0 0
1197 570000 0 0
1198 570000 0 0
1199 570000 0 0
1200 570000 0 0
1201 570000 0 0
1202 570000 0 0
1203 570000 0 0
1204 570000 0 0
1205 570000 0 0
1206 570000 0 0
1207 570000 0 0
1208 570000 0 0
1209 570000 0 0
1210 580000 0 0
1211 580000 0 0
1212 580000 0 0
1213 580000 0 0
1214 580000 0 0
1215 580000 0 0
1216 580000 0 0
1217 580000 0 0
1218 580000 0 0
1219 580000 0 0
1220 580000 0 0
1221 580000 0 0
1222 580000 0 0
1223 580000 0 0
1224 580000 0 0
1225 580000 0 0
1226 580000 0 0
1227 580000 0 0
1228 580000 0 0
1229 580000 0 0
1230 580000 0 0
1231 580000 0 0
1232 580000 0 0
1233 580000 0 0
1234 590000 0 0
1235 590000 0 0
1236 590000 0 0
1237 590000 0 0
1238 590000 0 0
1239 590000 0 0
1240 590000 0 0
1241 590000 0 0
1242 590000 0 0
1243 590000 0 0
1244 590000 0 0
1245 590000 0 0
1246 590000 0 0
1247 590000 0 0
1248 590000 0 0
1249 590000 0 0
1250 590000 0 0
1251 590000 0 0
1252 590000 0 0
1253 590000 0 0
1254 590000 0 0
1255 590000 0 0
1256 590000 0 0
1257 600000 0 0
1258 600000 0 0
1259 600000 0 0
1260 600000 0 0
1261 600000 0 0
1262 600000 0 0
1263 600000 0 0
1264 600000 0 0
1265 600000 0 0
1266 600000 0 0
1267 610000 0 0
1268 610000 0 0
1269 610000 0 0
1270 610000 0 0
1271 610000 0 0
1272 610000 0 0
1273 610000 0 0
1274 610000 0 0
1275 610000 0 0
1276 610000 0 0
1277 610000 0 0
1278 610000 0 0
1279 610000 0 0
1280 610000 0 0
1281 610000 0 0.1
1282 610000 0 0.2
1283 610000 0 0.3
1284 610000 0 0
1285 610000 0 0
1286 610000 0 0
1287 610000 0 0
1288 610000 0 0
1289 610000 0 0
1290 610000 0 0
1291 610000 0 0
1292 610000 0 0
1293 610000 0 0
1294 610000 0 0
1295 610000 0 0
1296 610000 0 0
1297 610000 0 0
1298 610000 0 0
1299 620000 0 0
1300 620000 0 0
1301 620000 0 0
1302 620000 0 0
1303 620000 0 0
1304 620000 0 0
1305 620000 0 0
1306 620000 0 0
1307 620000 0 0
1308 620000 0 0
1309 620000 0 0
1310 620000 0 0.1
1311 620000 0 0.2
1312 620000 0 0.3
1313 620000 0 0.4
1314 620000 0 0.5
1315 620000 0 0.4
1316 620000 0 0.5
1317 620000 0 0.6
1318 620000 0 0.7
1319 620000 0 0.8
1320 620000 0 0.9
1321 620000 0 1
1322 620000 0 1
1323 620000 0 1
1324 620000 0 1
1325 620000 0 1
1326 620000 0 1
1327 620000 0 1
1328 620000 0 1
1329 620000 0 1
1330 620000 0 1
1331 620000 0 1
1332 620000 0 1
1333 620000 0 1
1334 620000 0 1
1335 620000 0 1
1336 630000 0 1
1337 630000 0 1
1338 630000 0 1
1339 630000 0 1
1340 630000 0 1
1341 630000 0 1
1342 630000 0 1
1343 630000 0 1
1344 630000 0 1
1345 630000 0 1
1346 630000 0 1
1347 630000 0 1
1348 630000 0 1
1349 630000 0 1
1350 630000 0 1
1351 630000 0 1
1352 630000 0 1
1353 630000 0 1
1354 630000 0 1
1355 640000 0 1
1356 640000 0 1
1357 640000 0 1
1358 640000 0 1
1359 640000 0 1
1360 640000 0 1
1361 640000 0 1
1362 640000 0 1
1363 640000 0 1
1364 640000 0 1
1365 640000 0 1
1366 640000 0 1
1367 640000 0 1
1368 640000 0 1
1369 640000 0 1
1370 640000 0 1
1371 640000 0 1
1372 640000 0 1
1373 640000 0 1
1374 640000 0 1
1375 640000 0 1
1376 640000 0 1
1377 640000 0 1
1378 640000 0 1
1379 640000 0 1
1380 640000 0 1
1381 640000 0 1
1382 640000 0 1
1383 640000 0 1
1384 640000 0 1
1385 640000 0 1
1386 640000 0 1
1387 650000 0 1
1388 650000 0 1
1389 650000 0 1
1390 650000 0 1
1391 650000 0 1
1392 650000 0 1
1393 650000 0 1
1394 650000 0 1
1395 650000 0 1
1396 650000 0 1
1397 650000 0 1
1398 650000 0 1
1399 650000 0 1
1400 650000 0 1
1401 650000 0 1
1402 650000 0 1
1403 650000 0 1
1404 650000 0 1
1405 650000 0 1
1406 650000 0 1
1407 650000 0 1
1408 650000 0 1
1409 650000 0 1
1410 650000 0 1
1411 650000 0 1
1412 650000 0 1
1413 650000 0 1
1414 650000 0 1
1415 650000 0 1
1416 650000 0 1
1417 650000 0 1
1418 650000 0 1
1419 650000 0 1
1420 650000 0 1
1421 650000 0 1
1422 650000 0 1
1423 650000 0 1
1424 650000 0 1
1425 650000 0 1
1426 660000 0 1
1427 660000 0 1
1428 660000 0 1
1429 660000 0 1
1430 660000 0 1
1431 660000 0 1
1432 660000 0 1
1433 660000 0 1
1434 660000 0 1
1435 660000 0 1
1436 660000 0 1
1437 660000 0.02 0.9
1438 660000 0.04 0.8
1439 660000 0.06 0.7
1440 660000 0.08 0.6
1441 660000 0.1 0.5
1442 660000 0.12 0.4
1443 660000 0.14 0.3
1444 660000 0.16 0.2
1445 660000 0.18 0.1
1446 660000 0.2 1.38778e-16
1447 670000 0.2 0
1448 670000 0.2 0
1449 670000 0.2 0
1450 670000 0.2 0
1451 670000 0.2 0
1452 670000 0.2 0
1453 670000 0.2 0
1454 670000 0.2 0
1455 670000 0.2 0
1456 670000 0.2 0
1457 670000 0.2 0
1458 670000 0.2 0
1459 670000 0.2 0
1460 670000 0.2 0
1461 670000 0.18 0.1
1462 670000 0.16 0.2
1463 670000 0.14 0.3
1464 670000 0.12 0.4
1465 670000 0.1 0.5
1466 670000 0.08 0.4
1467 670000 0.1 0.3
1468 670000 0.12 0.2
1469 670000 0.14 0.1
1470 670000 0.16 2.77556e-17
1471 670000 0.18 0
1472 670000 0.2 0
1473 670000 0.2 0
1474 670000 0.2 0
1475 670000 0.2 0
1476 670000 0.2 0
1477 670000 0.2 0
1478 670000 0.2 0
1479 680000 0.2 0
1480 680000 0.2 0
1481 680000 0.2 0
1482 680000 0.2 0
1483 680000 0.2 0
1484 680000 0.2 0
1485 680000 0.2 0
1486 680000 0.2 0
1487 680000 0.2 0
1488 680000 0.2 0
1489 680000 0.2 0
1490 680000 0.2 0
1491 680000 0.2 0
1492 680000 0.2 0
1493 680000 0.2 0
1494 680000 0.2 0
1495 680000 0.2 0
1496 680000 0.2 0
1497 680000 0.2 0
1498 680000 0.2 0
1499 680000 0.2 0
1500 680000 0.2 0
1501 680000 0.2 0
1502 680000 0.2 0
1503 680000 0.2 0
1504 680000 0.2 0
1505 680000 0.2 0
1506 690000 0.2 0
1507 690000 0.2 0
1508 690000 0.2 0
1509 690000 0.2 0
1510 690000 0.2 0
1511 690000 0.2 0
1512 690000 0.2 0
1513 690000 0.2 0
1514 690000 0.2 0
1515 690000 0.2 0
1516 690000 0.2 0
1517 690000 0.2 0
1518 690000 0.2 0
1519 690000 0.2 0
1520 690000 0.2 0
1521 690000 0.2 0
1522 690000 0.2 0
1523 690000 0.2 0
1524 690000 0.2 0
1525 690000 0.2 0
1526 690000 0.2 0
1527 690000 0.2 0
1528 690000 0.2 0
1529 690000 0.2 0
1530 690000 0.2 0
1531 690000 0.2 0
1532 700000 0.2 0
1533 700000 0.2 0
1534 700000 0.2 0
1535 700000 0.2 0
1536 700000 0.2 0
1537 700000 0.2 0
1538 700000 0.2 0
1539 700000 0.2 0
1540 700000 0.2 0
1541 700000 0.2 0
1542 700000 0.2 0
1543 700000 0.2 0
1544 700000 0.2 0
1545 700000 0.2 0
1546 700000 0.2 0
1547 700000 0.2 0
1548 700000 0.2 0
1549 700000 0.2 0
1550 700000 0.2 0
1551 700000 0.2 0
1552 710000 0.2 0
1553 710000 0.2 0
1554 710000 0.2 0
1555 710000 0.2 0
1556 710000 0.2 0
1557 710000 0.2 0
1558 710000 0.2 0
1559 710000 0.2 0
1560 710000 0.2 0
1561 710000 0.2 0
1562 710000 0.2 0
1563 710000 0.2 0
1564 710000 0.2 0
1565 710000 0.2 0
1566 710000 0.2 0
1567 710000 0.2 0
1568 710000 0.2 0
1569 710000 0.2 0
1570 710000 0.2 0
1571 710000 0.2 0
1572 710000 0.2 0
1573 710000 0.2 0
1574 710000 0.2 0
1575 710000 0.2 0
1576 710000 0.2 0
1577 710000 0.2 0
1578 710000 0.2 0
1579 710000 0.2 0
1580 710000 0.2 0
1581 710000 0.2 0
1582 710000 0.2 0
1583 710000 0.2 0
1584 710000 0.2 0
1585 710000 0.2 0
1586 710000 0.2 0
1587 710000 0.2 0
1588 710000 0.2 0
1589 710000 0.2 0
1590 710000 0.2 0
1591 710000 0.2 0
1592 710000 0.2 0
1593 710000 0.2 0
1594 710000 0.2 0
1595 710000 0.2 0
1596 710000 0.2 0
1597 710000 0.2 0
1598 720000 0.2 0
1599 720000 0.2 0
1600 720000 0.2 0
1601 720000 0.2 0
1602 720000 0.2 0
1603 720000 0.2 0
1604 720000 0.2 0
1605 720000 0.2 0
1606 720000 0.2 0
1607 720000 0.2 0
1608 720000 0.2 0
1609 720000 0.2 0
1610 720000 0.2 0
1611 720000 0.2 0
1612 720000 0.2 0
1613 720000 0.2 0
1614 720000 0.2 0
1615 720000 0.2 0
1616 720000 0.2 0
1617 720000 0.2 0
1618 720000 0.2 0
1619 720000 0.2 0
1620 720000 0.2 0
1621 720000 0.18 0.1
1622 720000 0.16 0.2
1623 720000 0.14 0.3
1624 720000 0.12 0.4
1625 720000 0.1 0.5
1626 720000 0.08 0.6
1627 720000 0.06 0.7
1628 720000 0.04 0.8
1629 720000 0.02 0.9
1630 720000 2.08167e-17 1
1631 720000 0.02 0.9
1632 720000 0.04 0.8
1633 730000 0.06 0.7
1634 730000 0.08 0.6
1635 730000 0.1 0.5
1636 730000 0.12 0.4
1637 730000 0.14 0.3
1638 730000 0.16 0.2
1639 730000 0.18 0.1
1640 730000 0.2 2.77556e-17
1641 730000 0.2 0
1642 730000 0.2 0
1643 730000 0.2 0
1644 730000 0.2 0
1645 730000 0.2 0
1646 730000 0.2 0
1647 730000 0.2 0
1648 730000 0.2 0
1649 730000 0.18 0.1
1650 730000 0.16 0.2
1651 740000 0.14 0.3
1652 740000 0.12 0.4
1653 740000 0.1 0.5
1654 740000 0.08 0.6
1655 740000 0.06 0.7
1656 740000 0.04 0.8
1657 740000 0.02 0.9
1658 740000 2.08167e-17 1
1659 740000 0 1
1660 740000 0 1
1661 740000 0 1
1662 740000 0 1
1663 740000 0 1
1664 740000 0 1
1665 740000 0 1
1666 740000 0 1
1667 740000 0.02 0.9
1668 740000 0.04 0.8
1669 740000 0.06 0.7
1670 740000 0.04 0.6
1671 740000 0.02 0.5
1672 740000 0 0.4
1673 740000 0 0.3
1674 750000 0 0.2
1675 750000 0 0.1
1676 750000 0 1.38778e-16
1677 750000 0.02 0
1678 750000 0.04 0
1679 750000 0.06 0
1680 750000 0.08 0
1681 750000 0.1 0
1682 750000 0.08 0
1683 750000 0.1 0
1684 750000 0.12 0
1685 750000 0.14 0
1686 750000 0.16 0
1687 750000 0.18 0
1688 750000 0.2 0
1689 750000 0.2 0
1690 750000 0.2 0
1691 750000 0.2 0
1692 750000 0.2 0
1693 750000 0.2 0
1694 750000 0.2 0
1695 750000 0.2 0
1696 750000 0.2 0
1697 750000 0.2 0
1698 750000 0.2 0
1699 750000 0.2 0
1700 750000 0.2 0
1701 750000 0.2 0
1702 760000 0.2 0
1703 760000 0.2 0
1704 760000 0.2 0
1705 760000 0.2 0
1706 760000 0.2 0
1707 760000 0.2 0
1708 760000 0.2 0
1709 760000 0.2 0
1710 760000 0.2 0
1711 760000 0.2 0
1712 760000 0.2 0
1713 760000 0.2 0
1714 760000 0.2 0
1715 760000 0.2 0
1716 760000 0.2 0
1717 760000 0.2 0
1718 760000 0.2 0
1719 760000 0.2 0
1720 760000 0.2 0
1721 760000 0.2 0
1722 760000 0.2 0
1723 760000 0.2 0
1724 760000 0.2 0
1725 770000 0.2 0
1726 770000 0.2 0
1727 770000 0.2 0
1728 770000 0.2 0
1729 770000 0.2 0
1730 770000 0.2 0
1731 770000 0.2 0
1732 770000 0.2 0
1733 770000 0.2 0
1734 770000 0.2 0
1735 770000 0.2 0
1736 770000 0.2 0
1737 770000 0.2 0
1738 770000 0.2 0
1739 770000 0.2 0
1740 770000 0.2 0
1741 770000 0.2 0
1742 770000 0.2 0
1743 770000 0.2 0
1744 770000 0.2 0
1745 770000 0.2 0
1746 770000 0.2 0
1747 770000 0.2 0
1748 770000 0.2 0
1749 770000 0.2 0
1750 770000 0.2 0
1751 770000 0.2 0
1752 770000 0.2 0
1753 770000 0.2 0
1754 770000 0.2 0
1755 770000 0.2 0
1756 770000 0.2 0
1757 770000 0.2 0
1758 770000 0.2 0
1759 770000 0.2 0
1760 770000 0.2 0
1761 770000 0.2 0
1762 770000 0.2 0
1763 780000 0.2 0
1764 780000 0.2 0
1765 780000 0.2 0
1766 780000 0.2 0
1767 780000 0.2 0
1768 780000 0.2 0
1769 780000 0.2 0
1770 780000 0.2 0
1771 780000 0.2 0
1772 780000 0.2 0
1773 780000 0.2 0
1774 780000 0.2 0
1775 780000 0.2 0
1776 780000 0.2 0
1777 780000 0.2 0
1778 780000 0.2 0
1779 790000 0.2 0
1780 790000 0.2 0
1781 790000 0.18 -0.1
1782 790000 0.16 -0.2
1783 790000 0.14 -0.3
1784 790000 0.12 -0.4
1785 790000 0.1 -0.5
1786 790000 0.08 -0.4
1787 790000 0.06 -0.5
1788 790000 0.04 -0.6
1789 790000 0.02 -0.7
1790 790000 0.04 -0.8
1791 790000 0.06 -0.9
1792 790000 0.08 -1
1793 800000 0.1 -1
1794 800000 0.12 -1
1795 800000 0.14 -1
1796 800000 0.16 -1
1797 800000 0.18 -1
1798 800000 0.2 -1
1799 800000 0.2 -1
1800 800000 0.2 -1
1801 800000 0.2 -1
1802 800000 0.2 -1
1803 800000 0.2 -1
1804 800000 0.2 -1
1805 800000 0.2 -1
1806 800000 0.2 -1
1807 800000 0.2 -1
1808 800000 0.2 -1
1809 800000 0.2 -1
1810 800000 0.2 -1
1811 800000 0.2 -1
1812 800000 0.2 -1
1813 800000 0.2 -1
1814 800000 0.2 -1
1815 800000 0.2 -1
1816 800000 0.2 -1
1817 800000 0.2 -1
1818 800000 0.2 -1
1819 800000 0.2 -1
1820 800000 0.2 -1
1821 800000 0.2 -1
1822 800000 0.2 -1
1823 800000 0.2 -1
1824 800000 0.2 -1
1825 800000 0.2 -1
1826 800000 0.2 -1
1827 800000 0.2 -1
1828 800000 0.2 -1
1829 800000 0.2 -1
1830 800000 0.2 -0.9
1831 800000 0.2 -0.8
1832 800000 0.2 -0.7
1833 800000 0.2 -0.6
1834 800000 0.2 -0.5
1835 800000 0.2 -0.4
1836 800000 0.2 -0.3
1837 800000 0.2 -0.2
1838 800000 0.2 -0.1
1839 800000 0.2 -1.38778e-16
1840 800000 0.2 0
1841 800000 0.2 0
1842 800000 0.2 0
1843 800000 0.2 0
1844 800000 0.2 0
1845 800000 0.2 0
1846 800000 0.2 0
1847 800000 0.2 0
1848 800000 0.2 0
1849 800000 0.2 0
1850 800000 0.2 0
1851 800000 0.2 0
1852 800000 0.2 0
1853 800000 0.2 0
1854 800000 0.2 0
1855 800000 0.2 0
1856 800000 0.2 0
1857 810000 0.2 0
1858 820000 0.2 0
1859 820000 0.2 0
1860 820000 0.2 0
1861 820000 0.2 0
1862 820000 0.2 0
1863 820000 0.2 0
1864 820000 0.2 0
1865 820000 0.2 0
1866 820000 0.2 0
1867 820000 0.2 0
1868 820000 0.2 0
1869 820000 0.2 0
1870 820000 0.2 0
1871 820000 0.2 0
1872 820000 0.2 0
1873 820000 0.2 0
1874 820000 0.2 0
1875 820000 0.2 0
1876 820000 0.2 0
1877 820000 0.2 0
1878 820000 0.2 0
1879 820000 0.2 0
1880 820000 0.2 0
1881 820000 0.2 0
1882 820000 0.2 0
1883 820000 0.2 0
1884 820000 0.2 0
1885 820000 0.2 0
1886 820000 0.2 0
1887 820000 0.2 0
1888 820000 0.2 0
1889 820000 0.2 0
1890 820000 0.2 0
1891 820000 0.2 0
1892 820000 0.2 0
1893 820000 0.2 0
1894 820000 0.2 0
1895 820000 0.2 0
1896 820000 0.2 0
1897 820000 0.2 0
1898 820000 0.2 0
1899 820000 0.2 0
1900 820000 0.2 0
1901 820000 0.2 0
1902 820000 0.2 0
1903 820000 0.2 0
1904 820000 0.2 0
1905 820000 0.2 0
1906 820000 0.2 0
1907 820000 0.2 0
1908 820000 0.2 0
1909 820000 0.2 0
1910 820000 0.2 0
1911 820000 0.2 0
1912 820000 0.2 0
1913 820000 0.2 0
1914 830000 0.2 0
1915 830000 0.2 0
1916 830000 0.2 0
1917 830000 0.2 0
1918 830000 0.2 0
1919 830000 0.2 0
1920 830000 0.2 0
1921 840000 0.2 0
1922 840000 0.2 0
1923 840000 0.2 0
1924 840000 0.2 0
1925 840000 0.2 0
1926 840000 0.2 0
1927 840000 0.2 0
1928 840000 0.2 0
1929 840000 0.2 0
1930 840000 0.2 0
1931 840000 0.2 0
1932 840000 0.2 0
1933 840000 0.2 0
1934 840000 0.2 0
1935 840000 0.2 0
1936 840000 0.2 0
1937 840000 0.2 0
1938 840000 0.2 0
1939 840000 0.2 0
1940 840000 0.2 0
1941 840000 0.2 0
1942 840000 0.2 0
1943 840000 0.2 0
1944 840000 0.2 0
1945 840000 0.2 0
1946 840000 0.2 0
1947 850000 0.2 0
1948 850000 0.2 0
1949 850000 0.2 0
1950 850000 0.2 0
1951 850000 0.2 0
1952 850000 0.2 0
1953 850000 0.2 0
1954 850000 0.2 0
1955 850000 0.2 0
1956 850000 0.2 0
1957 850000 0.2 0
1958 850000 0.2 0
1959 850000 0.18 0
1960 850000 0.16 0
1961 850000 0.14 0
1962 850000 0.12 0
1963 850000 0.1 0
1964 850000 0.08 0
1965 850000 0.06 0
1966 850000 0.04 0
1967 850000 0.02 0
1968 850000 2.08167e-17 0
1969 850000 0 0
1970 850000 0 0
1971 850000 0 0
1972 850000 0 0
1973 850000 0 0
1974 850000 0 0
1975 850000 0 0
1976 850000 0 0
1977 850000 0 0
1978 860000 0 0
1979 860000 0 0
1980 860000 0 0
1981 860000 0 0
1982 860000 0 0
1983 860000 0 0
1984 860000 0 0
1985 860000 0 0
1986 860000 0 0
1987 860000 0 0
1988 860000 0 0
1989 860000 0 0
1990 860000 0 0
1991 860000 0 0
1992 860000 0 0
1993 860000 0 0
1994 860000 0 0
1995 860000 0 0
1996 860000 0 0
1997 860000 0 0
1998 860000 0 0
1999 870000 0 0
2000 870000 0 0
2001 870000 0 0
2002 870000 0 0
2003 870000 0 0
2004 870000 0 0
2005 870000 0 0
2006 870000 0 0
2007 870000 0 0
2008 870000 0 0
2009 870000 0 0
2010 870000 0 0
2011 870000 0 0
2012 870000 0 0
2013 870000 0 0
2014 870000 0 0
2015 870000 0 0
2016 870000 0 0
2017 870000 0 0
2018 870000 0 0
2019 870000 0 0
2020 870000 0 0
2021 870000 0 0
2022 870000 0 0
2023 870000 0 0
2024 870000 0 0
2025 870000 0 0
2026 870000 0 0
2027 870000 0 0
2028 870000 0 0
2029 870000 0 0
2030 870000 0 0
2031 880000 0 0
2032 880000 0 0
2033 880000 0 0
2034 880000 0 0
2035 880000 0 0
2036 880000 0 0
2037 880000 0 0
2038 880000 0 0
2039 880000 0 0
2040 880000 0 0
2041 880000 0 0
2042 880000 0 0
2043 880000 0 0
2044 880000 0 0
2045 880000 0 0
2046 880000 0 0
2047 890000 0 0
2048 890000 0 0
2049 890000 0 0
2050 890000 0 0
2051 890000 0 0
2052 900000 0 0
2053 900000 0 0
2054 900000 0 0
2055 900000 0 0
2056 900000 0 0
2057 900000 0 0
2058 900000 0 0
2059 900000 0 0
2060 900000 0 0
2061 900000 0 0
2062 900000 0 0
2063 900000 0 0
2064 900000 0 0
2065 900000 0 0
2066 900000 0 0
2067 900000 0 0
2068 900000 0 0
2069 900000 0 0
2070 900000 0 0
2071 900000 0 0
2072 900000 0 0
2073 900000 0 0
2074 900000 0 0
2075 900000 0 0
2076 900000 0 0
2077 900000 0 0
2078 900000 0 0
2079 900000 0 0
2080 900000 0 0
2081 900000 0 0
2082 900000 0 0
2083 900000 0 0
2084 900000 0 0
2085 910000 0 0
2086 910000 0 0
2087 910000 0 0
2088 910000 0 0
2089 910000 0 0
2090 910000 0 0
2091 910000 0 0
2092 910000 0 0
2093 910000 0 0
2094 910000 0 0
2095 910000 0 0
2096 910000 0 0
2097 910000 0 0
