#N Time Angle(rd) Wz(rd/s)
1 718022 -0.067693 -0.0861892
2 1358906 -0.0852629 -0.10856
3 1965446 -0.0607946 -0.0774059
4 2581961 -0.0781017 -0.0994419
5 3150768 -0.0682698 -0.0869236
6 3778778 -0.0597578 -0.0760858
7 4381899 -0.0801848 -0.102094
8 5002018 -0.0688565 -0.0876706
9 5592055 -0.0607946 -0.0774059
10 6190088 -0.0694533 -0.0884305
11 6781993 -0.0618678 -0.0787724
12 7386586 -0.0816363 -0.103942
13 7998048 -0.0602717 -0.0767402
14 8623236 -0.0809041 -0.10301
15 9240913 -0.0688565 -0.0876706
16 9843711 -0.0859943 -0.109491
17 10453799 -0.067693 -0.0861892
18 11070032 -0.0618678 -0.0787724
19 11677222 -0.102207 -0.130133
20 12346272 -0.0774311 -0.0985881
21 13025466 -0.0694533 -0.0884305
22 13644541 -0.0629797 -0.080188
23 14267841 -0.0713075 -0.0907913
24 14884595 -0.0508037 -0.0646851
25 15528191 -0.0607946 -0.0774059
26 16126321 -0.0336008 -0.0427818
27 16760532 -0.0508037 -0.0646851
28 17411358 -0.0341747 -0.0435125
29 18027073 -0.0512372 -0.065237
30 18610181 -0.0180161 -0.0229387
31 19238986 -0.0258563 -0.0329212
32 19854250 -0.0700606 -0.0892037
33 20454194 -0.0446132 -0.0568032
34 21073162 -0.0592526 -0.0754426
35 21695392 -0.0613265 -0.0780832
36 22280566 -0.0521266 -0.0663696
37 22897015 -0.0341747 -0.0435125
38 23512143 -0.0347686 -0.0442686
39 24060993 -0.0338853 -0.043144
40 24637306 -0.0341747 -0.0435125
41 25275487 -0.0336008 -0.0427818
42 25892900 0.595986 0.758832
43 26511301 0.610726 0.777599
44 27124153 0.610132 0.776842
45 27725155 0.539162 0.68648
46 28294064 0.20928 0.266462
47 28833554 0.019415 0.0247199
48 29408925 -0.291457 -0.371093
49 29977373 -0.442374 -0.563247
50 30587305 -0.488118 -0.62149
51 31187797 -0.503919 -0.641608
52 31788839 -0.425339 -0.541557
53 32381464 -0.185348 -0.235992
54 32960832 -0.130827 -0.166574
55 33534404 0.177596 0.226122
56 34117339 0.288344 0.36713
57 34693864 0.400535 0.509975
58 35304670 0.368349 0.468995
59 35885468 0.348771 0.444068
60 36475759 0.228103 0.290429
61 37021829 0.182168 0.231943
62 37566600 0.00952352 0.0121257
63 38152695 -0.140658 -0.179091
64 38715174 -0.155262 -0.197685
65 39266721 -0.153945 -0.196008
66 39827066 -0.134771 -0.171596
67 40409853 -0.148032 -0.18848
68 40985677 -0.120109 -0.152927
69 41541181 -0.108661 -0.138351
70 42115997 -0.126592 -0.161182
71 42693917 -0.101347 -0.129038
72 43333235 -0.122195 -0.155583
73 43967440 -0.0961934 -0.122477
74 44594228 -0.0890496 -0.113381
75 45168280 -0.390137 -0.496737
76 45739147 -0.463648 -0.590333
77 46319020 -0.555977 -0.70789
78 46860353 -0.480887 -0.612283
79 47448107 -0.414218 -0.527397
80 48036921 -0.295441 -0.376166
81 48667960 -0.0774311 -0.0985881
82 49281486 -0.0719477 -0.0916064
83 49804756 0.0937415 0.119355
84 50351730 0.106736 0.1359
85 50927798 0.128597 0.163734
86 51456602 0.120109 0.152927
87 52013870 0.078784 0.100311
88 52556951 0.0725994 0.0924363
89 53088173 0.139279 0.177335
90 53633525 0.119092 0.151632
91 54216361 0.112566 0.143323
92 54761927 0.0890496 0.113381
93 55320703 0.0823819 0.104892
94 55850059 0.157965 0.201127
95 56379239 0.129703 0.165142
96 56987509 0.135909 0.173044
97 57530568 0.0781017 0.0994419
98 58082777 0.0450146 0.0573143
99 58647574 0.0845438 0.107644
100 59172954 0.073939 0.0941419
101 59719613 0.0277706 0.0353586
102 60257868 0.0344691 0.0438873
103 60816866 0.0430768 0.0548469
104 61344389 0.0254183 0.0323634
105 61877713 0.0434509 0.0553233
106 62430571 0.00869543 0.0110713
107 62982989 0.0350733 0.0446566
108 63520717 0.0176973 0.0225328
109 64048773 0.0613265 0.0780832
110 64602722 0.0282943 0.0360254
111 65165447 0.0277706 0.0353586
112 65698807 0 0
113 66231081 0.0462633 0.0589041
114 66798009 0.352198 0.448431
115 67350828 0.418224 0.532499
116 67837250 0.418224 0.532499
117 68431030 0.416581 0.530406
118 68979692 0.204316 0.260142
119 69592636 0.308418 0.392689
120 70221788 0.253076 0.322225
121 70790269 0.145516 0.185276
122 71345165 0.10769 0.137115
123 71905502 0.101347 0.129038
124 72477929 0.0380768 0.0484808
125 73048915 0.00980361 0.0124823
126 73599040 0.0512372 0.065237
127 74160386 0 0
128 74718731 0.0270205 0.0344034
129 75306534 0.00869543 0.0110713
130 75901419 -0.00892833 -0.0113679
131 76454400 0 0
132 77007462 0.0462633 0.0589041
133 77573197 0.0325971 0.0415039
134 78136101 0 0
135 78698792 0 0
136 79255510 0.00900877 0.0114703
137 79798224 0.0087717 0.0111685
138 80385469 -0.019415 -0.0247199
139 80951415 0.0107523 0.0136902
140 81592008 0.02803 0.0356889
141 82181908 0.0197994 0.0252093
142 82739809 -0.119794 -0.152526
143 83282026 -0.114541 -0.145837
144 83816466 -0.0641321 -0.0816554
145 84321236 0.0831412 0.105858
146 84822443 0.0706785 0.0899905
147 85347905 0.184324 0.234689
148 85854721 0.298499 0.38006
149 86363939 0.326959 0.416296
150 86906115 0.420663 0.535604
151 87459500 0.432408 0.550557
152 88017522 0.459902 0.585564
153 88592995 0.445131 0.566757
154 89098324 0.224235 0.285504
155 89613039 0.10965 0.139611
156 90162563 0.00943368 0.0120113
157 90758846 0 0
158 91317787 0 0
159 91937394 0.30338 0.386274
160 92560569 0.326827 0.416128
161 93194149 0.272694 0.347204
162 93851690 0.12644 0.160989
163 94536795 -0.121143 -0.154244
164 95019351 -0.224235 -0.285504
165 95515695 -0.27234 -0.346754
166 96021976 -0.242819 -0.309166
167 96539901 -0.2595 -0.330405
168 97238781 -0.190923 -0.24309
169 97948901 -0.159023 -0.202474
170 98630671 0 0
171 99298669 0 0
172 99983964 0 0
173 100670195 0.027266 0.034716
174 101332156 0 0
175 102014830 0 0
176 102690314 -0.00917405 -0.0116807
177 103361798 0.0176973 0.0225328
178 103972033 -0.00934552 -0.0118991
179 104567219 0.0347686 0.0442686
180 105196836 -0.0178552 -0.022734
181 105845924 -0.103972 -0.13238
182 106496103 -0.046695 -0.0594538
183 107147619 0.00980361 0.0124823
184 107813637 0.175177 0.223042
185 108549402 0.297232 0.378447
186 109235232 0.691921 0.88098
187 109923154 0.768451 0.978419
188 110618628 0.778947 0.991783
189 111310355 0.474028 0.60355
190 111996393 0.415714 0.529302
191 112706203 0.364735 0.464394
192 113244304 0.40386 0.514209
193 113987192 0.44926 0.572014
194 114702228 0.282809 0.360083
195 115394404 0.264817 0.337175
196 115995789 0.202541 0.257883
197 116539910 0.0838366 0.106744
198 116951503 0.0658388 0.0838283
199 117449650 0.0607946 0.0774059
200 117845112 0.0277706 0.0353586
201 118295107 0.0170924 0.0217626
202 118729032 0.0363476 0.0462791
203 119195175 0.0347686 0.0442686
204 119730808 0.0265424 0.0337948
205 120232253 -3.82686e-05 -4.8725e-05
206 120718174 0.0267793 0.0340964
207 121170222 0.0624188 0.0794739
208 121621005 0.0430768 0.0548469
209 122115511 0.0454233 0.0578346
210 122570417 0.0196053 0.0249622
211 123104327 0.027266 0.034716
212 123690107 0.0282943 0.0360254
213 124146836 0.0867383 0.110438
214 124667231 0.00862048 0.0109759
215 125187578 0 0
216 125679227 -0.0446132 -0.0568032
217 126107877 -0.0576284 -0.0733746
218 126593306 -0.095362 -0.121418
219 127059129 -0.159647 -0.203268
220 127560634 -0.2595 -0.330405
221 128052468 -0.420663 -0.535604
222 128543202 -0.660371 -0.840808
223 129145293 -0.832981 -1.06058
224 129651402 -1.00699 -1.28214
225 130218534 -1.02323 -1.30282
226 130936107 -1.11965 -1.42558
227 131638788 -1.046 -1.33181
228 132344885 -0.59666 -0.75969
229 132942167 -0.0859943 -0.109491
230 133464905 0.364331 0.46388
231 134101209 0.627743 0.799266
232 134667006 0.785398 0.999998
233 135253288 0.732815 0.933047
234 135828025 0.666787 0.848977
235 136311349 0.385157 0.490397
236 136863470 0.123266 0.156946
237 137459519 -0.155262 -0.197685
238 138107191 -0.310387 -0.395197
239 138783964 -0.354706 -0.451624
240 139466293 -0.477584 -0.608077
241 140147872 -0.415714 -0.529302
242 140780981 -0.333244 -0.424299
243 141422289 -0.364735 -0.464394

