N Angle(rd) Wz(rd/s)
1 0.0282943 0.0360254
2 0 0
3 0.0353835 0.0450515
4 0 0
5 0 0
6 0.00909066 0.0115746
7 0.00909066 0.0115746
8 0.0347686 0.0442686
9 0 0
10 0.0288382 0.0367178
11 0.0258563 0.0329212
12 0 0
13 0.0085468 0.0108821
14 0.0350733 0.0446566
15 0 0
16 0.0540015 0.0687567
17 0.0350733 0.0446566
18 0 0
19 0 0
20 0 0
21 5.42997e-05 6.91364e-05
22 0.00892833 0.0113679
23 0.0087717 0.0111685
24 0.0254183 0.0323634
25 0.026081 0.0332073
26 0.00869543 0.0110713
27 -0.00980361 -0.0124823
28 0.00917405 0.0116807
29 0 0
30 0.0168051 0.0213969
31 0.0170924 0.0217626
32 0.0265424 0.0337948
33 0.0175421 0.0223352
34 0.0169475 0.0215782
35 -0.00934552 -0.0118991
36 0 0
37 0.0168051 0.0213969
38 0.0085468 0.0108821
39 0.0624188 0.0794739
40 0.0169475 0.0215782
41 0 0
42 0.026081 0.0332073
43 -0.00869543 -0.0110713
44 0.0176973 0.0225328
45 0.00900877 0.0114703
46 0 0
47 0.0252047 0.0320916
48 0.00847437 0.0107899
49 0.0169475 0.0215782
50 0 0
51 -0.129703 -0.165142
52 -0.629318 -0.80127
53 -0.872479 -1.11087
54 -0.846546 -1.07785
55 -0.733313 -0.93368
56 -0.49446 -0.629564
57 0.0682698 0.0869236
58 0.467245 0.594913
59 0.678463 0.863844
60 0.886745 1.12904
61 0.801526 1.02053
62 0.590812 0.752243
63 0.247176 0.314714
64 0 0
65 -0.244979 -0.311916
66 -0.553109 -0.704239
67 -0.61534 -0.783473
68 -0.588003 -0.748666
69 -0.488553 -0.622044
70 -0.293038 -0.373106
71 0.0706785 0.0899905
72 0.226152 0.287946
73 0.404892 0.515523
74 0.54428 0.692998
75 0.537717 0.684641
76 0.491809 0.626189
77 0.383528 0.488321
78 0.182168 0.231943
79 -0.0859943 -0.109491
80 -0.184324 -0.234689
81 -0.380506 -0.484475
82 -0.40386 -0.514209
83 -0.380506 -0.484475
84 -0.318835 -0.405953
85 -0.200797 -0.255662
86 -0.0270205 -0.0344034
87 0.148032 0.18848
88 0.169304 0.215564
89 0.181468 0.231051
90 0.224235 0.285504
91 0.200954 0.255862
92 0.192285 0.244824
93 0.172191 0.21924
94 0.214472 0.273073
95 0.0945449 0.120378
96 0 0
97 0.0186894 0.023796
98 -0.0525831 -0.0669507
99 -0.0360205 -0.0458626
100 -0.0540015 -0.0687567
101 0 0
102 -0.0178552 -0.022734
103 -0.0508037 -0.0646851
104 -0.0170924 -0.0217626
105 -0.0602717 -0.0767402
106 -0.0438316 -0.0558079
107 -0.0336008 -0.0427818
108 -0.0512372 -0.065237
109 -0.0190453 -0.0242492
110 -0.0267793 -0.0340964
111 -0.0186894 -0.023796
112 -0.0613265 -0.0780832
113 -0.0263097 -0.0334985
114 -0.0587558 -0.0748101
115 -0.0267793 -0.0340964
116 -0.0265424 -0.0337948
117 -0.0525831 -0.0669507
118 -0.0458394 -0.0583644
119 -0.0434509 -0.0553233
120 -0.0508037 -0.0646851
121 -0.0341747 -0.0435125
122 -0.0434509 -0.0553233
123 -0.0597578 -0.0760858
124 -0.0688565 -0.0876706
125 -0.0508037 -0.0646851
126 -0.00934552 -0.0118991
127 -0.0597578 -0.0760858
128 -0.0196053 -0.0249622
129 -0.00980361 -0.0124823
130 -0.0525831 -0.0669507
131 0.0438316 0.0558079
132 0.785398 0.999998
133 0.673369 0.857358
134 0.653225 0.83171
135 0.579326 0.737619
136 0.31128 0.396333
137 0.153945 0.196008
138 -0.0521266 -0.0663696
139 -0.133136 -0.169514
140 -0.224235 -0.285504
141 -0.202541 -0.257883
142 -0.238831 -0.304089
143 -0.226799 -0.288769
144 -0.226152 -0.287946
145 -0.190639 -0.242728
146 -0.138006 -0.175714
147 -0.110657 -0.140893
148 -0.104381 -0.132902
149 -0.0525831 -0.0669507
150 -0.0688565 -0.0876706
151 -0.078784 -0.100311
152 -0.0682698 -0.0869236
153 -0.0597578 -0.0760858
154 -0.0874953 -0.111402
155 -0.0781017 -0.0994419
156 -0.0682698 -0.0869236
157 -0.078784 -0.100311
158 -0.0794782 -0.101195
159 -0.0544915 -0.0693805
160 -0.0607946 -0.0774059
161 -0.0767719 -0.0977488
162 -0.0700606 -0.0892037
163 -0.0516781 -0.0657984
164 -0.0450146 -0.0573143
165 -0.0285637 -0.0363683
166 -0.0597578 -0.0760858
167 -0.0581867 -0.0740854
168 -0.0607946 -0.0774059
169 -0.0530475 -0.0675421
170 -0.0170924 -0.0217626
171 -0.0532829 -0.0678417
172 -0.060532 -0.0770716
173 -0.0353835 -0.0450515
174 0.0180161 0.0229387
175 0.0895038 0.11396
176 0.10965 0.139611
177 0.0801848 0.102094
178 0.100577 0.128058
179 0.108661 0.138351
180 0.0635507 0.080915
181 0.0859943 0.109491
182 0.0700606 0.0892037
183 0.0719477 0.0916064
184 0.0794782 0.101195
185 0.0544915 0.0693805
186 0.0694533 0.0884305
187 0.0874953 0.111402
188 0.0929517 0.11835
189 0.0641321 0.0816554
190 0.0725994 0.0924363
191 0.0890496 0.113381
192 0.0694533 0.0884305
193 0.0852629 0.10856
194 0.0535203 0.068144
195 0.0809041 0.10301
196 0.0512372 0.065237
197 0.0521266 0.0663696
198 0.0760436 0.0968214
199 0 0
200 -0.0175421 -0.0223352
201 -0.38798 -0.49399
202 -0.329423 -0.419433
203 -0.349451 -0.444934
204 -0.37898 -0.482531
205 -0.269167 -0.342714
206 -0.192285 -0.244824
207 -0.121143 -0.154244
208 -0.0423476 -0.0539184
209 0.0384426 0.0489465
210 0.0341747 0.0435125
211 0.0344691 0.0438873
212 0.0258563 0.0329212
213 0.0607946 0.0774059
214 0.0641321 0.0816554
215 0.0172397 0.0219502
216 0.0613265 0.0780832
217 0.027266 0.034716
218 0.027266 0.034716
219 0.0087717 0.0111685
220 0.0256354 0.0326399
221 0.037718 0.0480239
222 0.0356991 0.0454534
223 0.0597578 0.0760858
224 0.0341747 0.0435125
225 0.0438316 0.0558079
226 0.0206156 0.0262486
227 0.0732631 0.0932813
228 -0.0190453 -0.0242492
229 0.0350733 0.0446566
230 0.240987 0.306833
231 0.355858 0.453091
232 0.381979 0.48635
233 0.337878 0.430199
234 0.293768 0.374036
235 0.261139 0.332492
236 0.232557 0.2961
237 0.26551 0.338057
238 0.31128 0.396333
239 0.389709 0.496191
240 0.380506 0.484475
241 0.365425 0.465272
242 0.329423 0.419433
243 0.27596 0.351363
244 0.324403 0.413042
245 0.372988 0.474902
246 0.242819 0.309166
247 0.342473 0.436049
248 0.339743 0.432574
249 0.337456 0.429661
250 0.357817 0.455586
251 0.354986 0.451982
252 0.354986 0.451982
253 0.35299 0.44944
254 0.555494 0.707275
255 0.679005 0.864534
256 0.850056 1.08232
257 0.91223 1.16149
258 0.904827 1.15206
259 0.879712 1.12008
260 0.791459 1.00771
261 0.779748 0.992804
262 0.595785 0.758575
263 0.349451 0.444934
264 0.0794782 0.101195
265 -0.120109 -0.152927
266 -0.459902 -0.585564
267 -0.569057 -0.724545
268 -0.564994 -0.719371
269 -0.563316 -0.717235
270 -0.487698 -0.620955
271 -0.177596 -0.226122
272 -0.0635507 -0.080915
273 0.211731 0.269584
274 0.334737 0.426199
275 0.238609 0.303806
276 0.365921 0.465904
277 0.281772 0.358762
278 0.287463 0.366009
279 0.189021 0.240668
280 0.0970394 0.123554
281 0.131972 0.168031
282 -0.0508037 -0.0646851
283 -0.0350733 -0.0446566
284 -0.0530475 -0.0675421
285 -0.095362 -0.121418
286 -0.103082 -0.131247
287 -0.140658 -0.179091
288 -0.103082 -0.131247
289 -0.130827 -0.166574
290 -0.105798 -0.134706
291 -0.121143 -0.154244
292 -0.103082 -0.131247
293 -0.134321 -0.171023
294 -0.121143 -0.154244
295 -0.095362 -0.121418
296 -0.103082 -0.131247
297 -0.123266 -0.156946
298 -0.119092 -0.151632
299 -0.102207 -0.130133

