N Time Angle(rd) Wz(rd/s)
1 670826 0.0945449 0.120378
2 1247898 0.0845438 0.107644
3 1820461 0.0713075 0.0907913
4 2423765 0.0781017 0.0994419
5 2986962 0.0937415 0.119355
6 3545933 0.102207 0.130133
7 4114077 0.0794782 0.101195
8 4662367 0.0576284 0.0733746
9 5223464 0.0852629 0.10856
10 5775869 0.0852629 0.10856
11 6311066 0.0694533 0.0884305
12 6864569 0.0694533 0.0884305
13 7427917 0.0794782 0.101195
14 7977460 0.10769 0.137115
15 8534399 0.102444 0.130435
16 9099463 0.0898475 0.114397
17 9651057 0.0845438 0.107644
18 10207420 0.0929517 0.11835
19 10781500 0.0671259 0.0854671
20 11326540 0.0288382 0.0367178
21 11890187 0.0508037 0.0646851
22 12464498 0.0961934 0.122477
23 13042759 0.0597578 0.0760858
24 13589865 0.0794782 0.101195
25 14173689 0.0694533 0.0884305
26 14744753 0.0700606 0.0892037
27 15333370 0.0890496 0.113381
28 15886345 0.067693 0.0861892
29 16459378 0.0607946 0.0774059
30 17004893 0.0809041 0.10301
31 17551127 0.0794782 0.101195
32 18102425 0.0602717 0.0767402
33 18673633 0.0867383 0.110438
34 19261045 0.0613265 0.0780832
35 19811324 0.0380768 0.0484808
36 20385251 0.067693 0.0861892
37 20938038 0.0706785 0.0899905
38 21485644 0.0694533 0.0884305
39 22026739 0.0602717 0.0767402
40 22575775 0.0809041 0.10301
41 23148226 0.0521266 0.0663696
42 23713995 0.0521266 0.0663696
43 24282928 0.067693 0.0861892
44 24838760 0.0516781 0.0657984
45 25416580 0.0530475 0.0675421
46 25960519 0.0516781 0.0657984
47 26507069 0.067693 0.0861892
48 27054543 0.0508037 0.0646851
49 27623974 0.0845438 0.107644
50 28211579 0.0446132 0.0568032
51 28806872 0.0688565 0.0876706
52 29402032 0.0831412 0.105858
53 29989338 0.0508037 0.0646851
54 30579777 0.0197994 0.0252093
55 31130875 0.0530475 0.0675421
56 31755828 0.0767719 0.0977488
57 32375952 0.0647243 0.0824093
58 33009961 -0.0176973 -0.0225328
59 33582565 -0.47052 -0.599084
60 34129248 -0.484478 -0.616855
61 34711002 -0.474028 -0.60355
62 35273279 -0.456605 -0.581367
63 35855422 -0.428574 -0.545676
64 36438676 -0.302885 -0.385644
65 36984903 -0.298499 -0.38006
66 37513521 -0.176122 -0.224245
67 38011123 -0.153332 -0.195228
68 38579836 -0.0618678 -0.0787724
69 39115924 0.0087717 0.0111685
70 39622549 0.0370201 0.0471354
71 40138534 0.0178552 0.022734
72 40616808 0.0282943 0.0360254
73 41125989 0 0
74 41557433 0.0688565 0.0876706
75 42060099 0.0434509 0.0553233
76 42539888 0.0188657 0.0240205
77 43037107 0.0570808 0.0726773
78 43539844 0.0688565 0.0876706
79 44062947 0.0607946 0.0774059
80 44543435 0 0
81 45044320 0.0540015 0.0687567
82 45591430 0.0442189 0.0563012
83 46144978 0.0700606 0.0892037
84 46711010 0.0890496 0.113381
85 47226571 -0.0294033 -0.0374373
86 47725259 0.0430768 0.0548469
87 48333204 0.212938 0.271121
88 48884434 0.706355 0.899357
89 49429073 0.855459 1.0892
90 49989175 1.0999 1.40044
91 50548667 0.370171 0.471315
92 51137001 0.643501 0.819329
93 51619726 0.460223 0.585973
94 52221401 0.100501 0.127961
95 52861121 -0.0937415 -0.119355
96 53499723 -0.146763 -0.186864
97 54162625 -0.295441 -0.376166
98 54876435 -0.261139 -0.332492
99 55571106 -0.308764 -0.39313
100 56228913 -0.264817 -0.337175
101 56925655 -0.247024 -0.31452
102 57598950 -0.174672 -0.222399
103 58232890 -0.145516 -0.185276
104 58883851 -0.078784 -0.100311
105 59483317 -0.0183466 -0.0233595
106 60112306 -0.0254183 -0.0323634
107 60717026 0 0
108 61319159 0 0
109 61964079 -0.0265424 -0.0337948
110 62570077 -0.0338853 -0.043144
111 63185240 0 0
112 63838926 -0.0185164 -0.0235758
113 64485916 -0.0282943 -0.0360254
114 65124289 -0.0597578 -0.0760858
115 65711251 -0.230086 -0.292954
116 66312766 -0.6792 -0.864783
117 66891277 -0.606481 -0.772194
118 67460057 -0.633516 -0.806615
119 68061318 -0.665103 -0.846833
120 68633090 -0.785398 -0.999998
121 69175558 -0.785398 -0.999998
122 69721308 -0.713061 -0.907895
123 70309539 -0.653169 -0.831639
124 70862160 -0.507837 -0.646596
125 71455661 -0.37753 -0.480685
126 71922731 2.88033e-05 3.66734e-05
127 72406098 -0.0746275 -0.0950185
128 72900278 0.111603 0.142097
129 73434780 0.138243 0.176016
130 73881932 0.179095 0.22803
131 74395543 0.190639 0.242728
132 74901785 0.202322 0.257603
133 75418011 0.194106 0.247143
134 75846317 0.156602 0.199391
135 76325211 0.159647 0.203268
136 76702718 0.160988 0.204976
137 77110247 0.151375 0.192737
138 77476954 0.120109 0.152927
139 77890613 0.155262 0.197685
140 78374322 0.112566 0.143323
141 78886573 0.144289 0.183715
142 79342030 0.0945449 0.120378
143 79837567 0.111603 0.142097
144 80323992 0.0694533 0.0884305
145 80760152 0.0694533 0.0884305
146 81232308 0.0509762 0.0649048
147 81706361 0.0794782 0.101195
148 82188438 0.0470241 0.0598728
149 82690928 0.0535203 0.068144
150 83172535 0 0
151 83654388 0.0176973 0.0225328
152 84117595 0.0713075 0.0907913
153 84627272 0.0438316 0.0558079
154 85099226 0.00884933 0.0112673
155 85609208 0.0442189 0.0563012
156 86076890 0.0347686 0.0442686
157 86572653 0 0
158 87084638 0.0360205 0.0458626
159 87592419 0.0176973 0.0225328
160 88150316 -0.304803 -0.388086
161 88640942 0.104877 0.133533
162 89157971 0.30092 0.383143
163 89675449 0.290672 0.370095
164 90216274 0.332059 0.42279
165 90759668 0.316569 0.403068
166 91284017 0.321751 0.409665
167 91829462 0.339743 0.432574
168 92307754 0.350167 0.445845
169 92810981 0.308764 0.39313
170 93264113 0.340218 0.433178
171 93764722 0.354986 0.451982
172 94277377 0.350167 0.445845
173 94810963 0.345245 0.439578
174 95365182 0.364735 0.464394
175 95929756 0.179095 0.22803
176 96550988 0.242967 0.309354
177 97149152 0.182168 0.231943
178 97709992 0.170735 0.217386
179 98282386 0.138243 0.176016
180 98833941 0.116586 0.148442
181 99384379 0.078784 0.100311
182 99965295 0.0442189 0.0563012
183 100528338 0.078784 0.100311
184 101081796 0.0263097 0.0334985
185 101636052 0.0713075 0.0907913
186 102209090 0.0597578 0.0760858
187 102776422 0.0356991 0.0454534
188 103330685 0.0373658 0.0475755
189 103867519 0.0427091 0.0543787
190 104441166 0.0185164 0.0235758
191 105005121 0.0512372 0.065237
192 105574539 0.0344691 0.0438873
193 106128186 0.073939 0.0941419
194 106717330 0.0521266 0.0663696
195 107272335 0.0336008 0.0427818
196 107836152 0.0694533 0.0884305
197 108382517 0.0700606 0.0892037
198 108944552 0.0353835 0.0450515
199 109515584 0.0521266 0.0663696
200 110076989 0.0256354 0.0326399
201 110667100 0.0746275 0.0950185
202 111235627 0.0592526 0.0754426
203 111853104 0.0530475 0.0675421
204 112449346 0.0430768 0.0548469
205 113024175 0.0434509 0.0553233
206 113579423 0.0353835 0.0450515
207 114146296 0.0719477 0.0916064
208 114711988 0.0172397 0.0219502
209 115258964 0.00952352 0.0121257
210 115828408 0.0344691 0.0438873
211 116383850 0.065942 0.0839598
212 116922195 0.0458394 0.0583644
213 117494164 0.0475831 0.0605845
214 118085173 0.0360205 0.0458626
215 118661985 0.0442189 0.0563012
216 119224979 0.065942 0.0839598
217 119787380 0.0325971 0.0415039
218 120356760 0.02803 0.0356889
219 120936318 0.0525831 0.0669507
220 121516285 0.0629797 0.080188
221 122083717 0.0549904 0.0700158
222 122707952 0.0530475 0.0675421
223 123220390 0.0597578 0.0760858
224 123768060 0.138243 0.176016
225 124318579 -0.54172 -0.689738
226 124843442 -0.803578 -1.02314
227 125415530 -0.927295 -1.18067
228 125988858 -0.873664 -1.11238
229 126607015 -0.780993 -0.994389
230 127230283 -0.635027 -0.808539
231 127830701 -0.290599 -0.370001
232 128399610 -0.134771 -0.171596
233 128926073 0.112566 0.143323
234 129459688 0.282809 0.360083
235 130000760 0.381979 0.48635
236 130538360 0.393587 0.501129
237 131056701 0.422149 0.537495
238 131571654 0.375961 0.478687
239 132103375 0.288975 0.367934
240 132648067 0.277161 0.352891
241 133159923 0.195737 0.24922
242 133681326 0.108661 0.138351
243 134190790 0.0180161 0.0229387
244 134697461 0 0
245 135248230 0 0
246 135745663 -0.0530475 -0.0675421
247 136226730 -0.0688565 -0.0876706
248 136770897 -0.0700606 -0.0892037
249 137273102 -0.0801848 -0.102094
250 137795007 -0.0525831 -0.0669507
251 138312611 -0.0767719 -0.0977488
252 138813746 -0.0521266 -0.0663696
253 139315545 -0.0682698 -0.0869236
254 139805902 -0.0706785 -0.0899905
255 140302048 -0.0592526 -0.0754426
256 140806537 -0.0525831 -0.0669507
257 141314291 -0.0823819 -0.104892
258 141795223 -0.0512372 -0.065237
259 142311539 -0.0366808 -0.0467033
260 142816928 -0.0906599 -0.115431
261 143328122 -0.0700606 -0.0892037
262 143812508 -0.0607946 -0.0774059
263 144310500 -0.0682698 -0.0869236
264 144786819 -0.0890496 -0.113381
265 145304326 -0.0353835 -0.0450515
266 145810559 -0.0624188 -0.0794739
267 146295945 -0.0700606 -0.0892037
268 146778867 -0.0607946 -0.0774059
269 147266540 -0.0725994 -0.0924363
270 147791681 -0.0363476 -0.0462791
271 148286077 -0.0635507 -0.080915
272 148770795 -0.0190453 -0.0242492
273 149279566 -0.0363476 -0.0462791
274 149780541 -0.0347686 -0.0442686
275 150291517 -0.0336008 -0.0427818
276 150801599 -0.0388154 -0.0494212
277 151290948 -0.0427091 -0.0543787
278 151799451 -0.0344691 -0.0438873
279 152288423 -0.0516781 -0.0657984
280 152853052 0 0
281 153374524 -0.0176973 -0.0225328
282 153865362 -0.0641321 -0.0816554
283 154389434 -0.0384426 -0.0489465
284 154903038 0 0
285 155400742 -0.00900877 -0.0114703
286 155880221 -0.0462633 -0.0589041
287 156389510 -0.00909066 -0.0115746
288 156859103 0 0
289 157352693 0 0
290 157832670 -0.0520363 -0.0662545
291 158328800 -0.0183466 -0.0233595
292 158855141 0.00909066 0.0115746
293 159355511 0 0
294 159858731 -0.00892833 -0.0113679
295 160370415 -0.0360205 -0.0458626
296 160892682 -0.0201993 -0.0257185
297 161398057 0 0
298 161879027 0 0
299 162385573 0 0
300 162886405 0 0
301 163381671 -0.0341747 -0.0435125
302 163880863 -0.00925899 -0.0117889
303 164388556 -0.0258563 -0.0329212
304 164904148 0.019415 0.0247199
305 165382310 -0.0206156 -0.0262486
306 165897429 -0.00869543 -0.0110713
307 166408475 -0.0176973 -0.0225328
308 166922600 -0.0101007 -0.0128605
309 167423725 0.0624188 0.0794739
310 167927865 0 0
311 168423904 -0.00900877 -0.0114703
312 168929155 0.00934552 0.0118991
313 169428590 -0.0438316 -0.0558079
314 169889927 -0.166583 -0.2121
315 170351513 -0.137066 -0.174518
316 170746965 -0.115276 -0.146774
317 171148179 -0.143158 -0.182274
318 171554516 -0.126973 -0.161666
319 172017283 -0.129703 -0.165142
320 172504585 -0.141897 -0.180669
321 172952498 -0.103082 -0.131247
322 173437779 -0.13944 -0.17754
323 173847502 -0.0961934 -0.122477
324 174303680 -0.121842 -0.155134
325 174721383 -0.129275 -0.164598
326 175206372 -0.0774311 -0.0985881
327 175694625 2.88097e-05 3.66816e-05
328 176174446 -0.13944 -0.17754
329 176653229 -0.110657 -0.140893
330 177147638 -0.103972 -0.13238
331 177601483 -0.118092 -0.150359
332 178080277 -0.123266 -0.156946
333 178540773 -0.112566 -0.143323
334 179018806 -0.112566 -0.143323
335 179498619 -0.114541 -0.145837
336 179929457 -0.125464 -0.159745
337 180410986 -0.120109 -0.152927
338 180885153 -0.130827 -0.166574
339 181378250 -0.0871573 -0.110972
340 181782729 -0.119092 -0.151632
341 182287314 -0.0682698 -0.0869236
342 182674876 -0.101347 -0.129038
343 183146442 -0.0859943 -0.109491
344 183599945 -0.103972 -0.13238
345 184057520 -0.103972 -0.13238
346 184512733 -0.0852629 -0.10856
347 184991918 -0.0838366 -0.106744
348 185448189 -0.0937415 -0.119355
349 185922154 -0.067693 -0.0861892
350 186419932 -0.096784 -0.123229
351 186964424 -0.0929517 -0.11835
352 187487228 -0.0665682 -0.084757
353 188026989 -0.0540015 -0.0687567
354 188523648 -0.0732631 -0.0932813
355 189059845 -0.00999967 -0.0127319
356 189570406 -0.0782711 -0.0996577
357 190083110 -0.0373658 -0.0475755
358 190622799 -0.0549904 -0.0700158
359 191101821 -0.00925899 -0.0117889
360 191582911 -0.00917405 -0.0116807
361 192067480 0 0
362 192616190 -0.0172397 -0.0219502
363 193113067 0.0366808 0.0467033
364 193598662 -0.00999967 -0.0127319
365 194136375 -0.0315685 -0.0401941
366 194650848 -0.0270205 -0.0344034
367 195179054 -0.00970843 -0.0123611
368 195728618 0.00952352 0.0121257
369 196259162 0 0
370 196769019 -0.0186894 -0.023796
371 197308953 -0.0087717 -0.0111685
372 197860911 -0.00961509 -0.0122423
373 198419498 -0.0270205 -0.0344034
374 198961156 -0.00862048 -0.0109759
375 199455962 -0.00934552 -0.0118991
376 199996481 -0.0087717 -0.0111685
377 200549723 -0.00925899 -0.0117889
378 201059449 -0.0347686 -0.0442686
379 201560750 -0.0302938 -0.0385711
380 202062063 0 0
381 202583480 -0.026081 -0.0332073
382 203121585 0 0
383 203665734 0 0
384 204220757 -0.00900877 -0.0114703
385 204769846 -0.0356991 -0.0454534
386 205309769 0.02803 0.0356889
387 205883504 -0.0197994 -0.0252093
388 206424996 -0.0471349 -0.0600138
389 206983572 -0.0380768 -0.0484808
390 207526608 0 0
391 208088220 -0.00917405 -0.0116807
392 208621460 -0.0175421 -0.0223352
393 209158012 -0.0263097 -0.0334985
394 209686167 -0.027266 -0.034716
395 210263146 -0.00970843 -0.0123611
396 210846526 -0.0190453 -0.0242492
397 211398516 -0.0270205 -0.0344034
398 211950040 0 0
399 212499354 -0.0458394 -0.0583644
400 213048374 -0.00909066 -0.0115746
401 213597295 -0.0170924 -0.0217626
402 214131966 -0.0087717 -0.0111685
403 214673303 0 0
404 215223566 -0.02803 -0.0356889
405 215756499 -0.0185164 -0.0235758
406 216293580 -0.00943368 -0.0120113
407 216822999 -0.0263097 -0.0334985
408 217355967 0 0
409 217892084 0 0
410 218425427 -0.026081 -0.0332073
411 218946167 -0.0229845 -0.0292647
412 219492950 0.188738 0.240308
413 220000485 -0.00925899 -0.0117889
414 220538646 0.0176973 0.0225328
415 221060709 0.00892833 0.0113679
416 221585843 0 0
417 222118627 0 0
418 222634401 0 0
419 223105202 0.0423476 0.0539184
420 223584549 -0.00892833 -0.0113679
421 224037916 -0.0176973 -0.0225328
422 224499091 0 0
423 224972422 -0.0175421 -0.0223352
424 225473069 0.207496 0.264192
425 225914932 0.126973 0.161666
426 226399744 0.0855053 0.108868
427 226872394 0.310998 0.395974
428 227403722 0 0
429 227941916 0.065942 0.0839598
430 228479115 0.07983 0.101642
431 229033473 0.0263097 0.0334985
432 229565575 -0.00909066 -0.0115746
433 230108583 -0.0521266 -0.0663696
434 230642760 -0.0256354 -0.0326399
435 231171048 -0.0180161 -0.0229387
436 231708124 -0.0258563 -0.0329212
437 232239036 -0.0366808 -0.0467033
438 232794256 -0.0360205 -0.0458626
439 233334093 0 0
440 233852081 -0.0107523 -0.0136902
441 234364594 -0.0427091 -0.0543787
442 234913258 -0.02803 -0.0356889
443 235449910 0 0
444 235973668 -0.00900877 -0.0114703
445 236504713 -0.0256354 -0.0326399
446 237062750 -0.00952352 -0.0121257
447 237570956 -0.0103089 -0.0131257
448 238091602 0 0
449 238625027 -0.0373658 -0.0475755
450 239165930 0 0
451 239692348 0 0
452 240227862 -0.0173896 -0.022141
453 240764312 -0.0087717 -0.0111685
454 241298229 0.00869543 0.0110713
455 241852236 -0.0446132 -0.0568032
456 242384520 -0.00990067 -0.0126059
457 242913401 -0.0434509 -0.0553233
458 243517113 -0.00884933 -0.0112673
459 244103708 0 0
460 244614356 -0.00943368 -0.0120113
461 245150126 -0.0350733 -0.0446566
462 245767043 -0.026081 -0.0332073
463 246299555 0 0
464 246826648 -0.0085468 -0.0108821
465 247380913 -0.0178552 -0.022734
466 247907017 -0.027266 -0.034716
467 248451840 -0.0344691 -0.0438873
468 249001896 -0.0344691 -0.0438873
469 249569598 0 0
470 250101087 -0.0265424 -0.0337948
471 250661902 -0.0530475 -0.0675421
472 251185209 0.0172397 0.0219502
473 251725136 -0.0530475 -0.0675421
474 252274656 -0.0265424 -0.0337948
475 252824621 -0.00862048 -0.0109759
476 253392126 0 0
477 253929513 -0.0265424 -0.0337948
478 254476787 -0.00925899 -0.0117889
479 255021189 -0.475695 -0.605673
480 255511497 -0.0185164 -0.0235758
481 256067574 -0.0186894 -0.023796
482 256606678 0.0587558 0.0748101
483 257112045 0.324718 0.413443
484 257687811 0.100669 0.128175
485 258161857 -0.0183466 -0.0233595
486 258670852 0.212645 0.270747
487 259215132 0.372269 0.473987
488 259767114 0 0
489 260312958 0.00892833 0.0113679
490 260858076 0.00862048 0.0109759
491 261387604 -0.0535203 -0.068144
492 261892772 -0.0700606 -0.0892037
493 262428931 2.88097e-05 3.66816e-05
494 262934810 -0.0672063 -0.0855696
495 263441542 -0.0635507 -0.080915
496 263963270 -0.0531414 -0.0676616
497 264455633 -0.0210495 -0.026801
498 264957238 -0.0265424 -0.0337948
499 265461528 -0.0319041 -0.0406214
500 265953580 0 0
501 266478014 -0.0315685 -0.0401941
502 266992350 -0.0450146 -0.0573143
503 267491043 -0.0607946 -0.0774059
504 268037167 -0.0423476 -0.0539184
505 268551366 -0.0540015 -0.0687567
506 269063398 0.0880074 0.112054
507 269540140 2.88429e-05 3.67238e-05
508 270046880 -0.0863234 -0.10991

